0.085563 28
0.000216 25
2.889266 11
0.737870 2
1.347425 84
0.013095 28
0.000088 25
0.661803 11
0.215041 9
0.756464 2
1.083944 67
0.213751 53
1.615917 12
0.000083 21
1.711892 33
1.007138 12
0.000147 21
0.604690 12
0.000018 21
0.953695 12
0.088586 63
0.155836 82
0.613008 85
0.365393 70
0.064857 75
0.000258 35
0.051922 40
0.067945 58
0.320184 60
0.618477 34
0.255857 80
0.261649 48
0.000165 42
0.000141 49
31.403476 168
1.288335 80
0.561794 76
0.587838 86
0.905241 46
0.038365 58
0.160498 468
0.002296 40
2.912401 73
2.248057 50
0.602687 43
0.334227 53
0.035684 51
0.547191 54
0.000133 56
0.000183 57
7.193107 46
0.000303 53
0.000130 82
0.017155 81
0.000195 81
0.016618 109
0.371631 87
0.011397 102
0.004361 53
0.000324 105
0.000122 81
0.794933 58
0.259509 24
0.000093 45
0.000209 24
0.000129 104
0.000135 103
0.000262 104
0.000051 35
0.000129 103
0.000283 103
0.000088 103
0.000130 103
0.000118 52
0.000280 103
0.000052 103
0.000087 24
0.000183 43
0.000047 104
0.000169 67
0.000180 24
0.000049 50
0.000099 45
0.000263 45
0.822005 84
0.000700 155
0.235184 84
0.014764 104
0.000112 99
0.000171 88
0.015554 53
0.000179 106
0.000192 87
0.000126 91
0.000195 75
0.014121 49
0.123536 48
0.053347 50
0.000151 43
0.103763 103
0.146262 103
0.281179 103
0.148111 103
0.046376 103
0.029463 103
0.009497 103
0.006315 103
0.007090 103
0.006499 103
0.007136 103
0.330891 103
0.000114 24
0.000068 34
0.000082 89
0.000230 95
0.000121 24
0.000111 45
0.000107 103
0.000155 24
0.000098 33
0.115240 28
0.000259 25
5.523587 1
0.158318 1
0.198558 1
0.919475 1
0.094889 1
0.428732 1
0.090221 1
0.166061 1
0.537991 1
0.172306 1
0.127782 1
0.992903 2
2.430979 47
1.862629 1
0.254034 1
0.309845 1
0.151849 1
0.135280 1
0.268639 1
0.214785 1
0.374069 2
0.049465 41
1.113484 35
8.253844 1
0.175855 1
0.262741 1
0.307826 1
0.209300 1
0.251103 1
0.226227 1
0.161555 1
0.102157 1
0.469095 1
0.138783 1
1.398744 1
1.057120 1
0.247061 1
0.100088 1
1.097826 1
0.129398 1
0.234437 1
0.399837 1
0.385523 4
0.710490 1
0.287056 2
0.215581 31
0.035086 44
0.003615 101
0.254059 116
0.024351 82
0.202396 91
0.682670 36
0.232214 25
0.015355 913
1.751174 1
0.182941 2
0.002625 23
0.271658 123
0.044723 123
0.006415 244
0.006164 27
0.019922 26
0.061558 49
0.042680 120
0.017333 1440
0.009918 1323
0.042063 720
0.016838 600
0.016960 960
0.002329 240
0.002804 123
0.022117 123
0.007150 123
0.091218 296
0.042064 33
9.882185 1
0.103439 1
0.580422 1
0.325894 1
0.069595 1
0.287437 1
0.528463 4
0.094980 1
0.672953 1
0.063529 1
0.296758 1
0.574979 1
0.112271 1
0.054558 1
0.254428 1
0.167979 1
0.297508 1
0.731445 1
1.959070 1
0.203122 2
0.076982 85
2.668519 1
0.182891 1
0.659647 1
0.365394 1
0.050470 1
0.402834 1
0.245202 1
0.059184 1
0.216577 1
1.762890 1
0.158001 1
0.438056 1
0.302685 1
0.149500 1
0.084566 1
1.518612 1
0.176449 1
0.549964 1
0.077834 1
0.332163 1
0.166875 1
0.327686 1
0.362957 1
0.365979 1
0.209791 2
0.045993 79
6.012996 1
0.072774 1
0.657403 1
0.304905 1
0.069574 1
0.213053 1
0.204505 1
0.073335 1
1.863531 1
0.197621 1
0.498609 1
0.313774 1
2.069370 1
0.136876 1
0.590656 1
0.244908 1
0.159704 1
0.096783 1
2.698868 1
0.218316 1
0.240915 1
0.518545 1
0.267785 1
0.161924 1
0.440159 1
0.495202 1
0.255064 1
0.274932 1
0.155623 1
1.541796 1
0.212907 1
0.125488 1
0.049532 1
0.239150 1
0.145125 1
1.887796 1
0.201015 1
0.248848 1
0.226246 1
0.152550 1
0.054908 1
0.334293 2
0.044291 36
0.006461 33
8.360469 1
0.815992 1
0.636606 1
0.074959 1
0.298954 1
0.488480 1
0.451130 1
0.504955 1
1.514115 1
0.413489 1
0.185069 1
0.534163 4
0.045662 1
0.021063 1
0.984149 1
0.174668 1
0.571765 1
1.984226 4
0.079260 1
0.156633 1
0.671498 1
0.206839 1
0.155782 1
0.070783 1
0.509274 1
0.707642 1
0.095772 1
0.203641 1
0.211949 1
0.146961 1
0.065909 1
0.272167 2
0.010454 626
0.043472 33
3.327553 1
0.482256 1
0.906212 1
0.284493 1
0.133580 1
0.192392 1
0.956673 1
0.157869 1
0.029118 1
0.204790 1
0.135382 1
1.488288 1
0.176607 1
0.832211 1
0.748527 1
0.154356 1
0.086816 1
0.836073 1
1.054717 1
0.080359 1
0.294738 1
0.235503 1
0.162124 1
0.080138 1
1.458169 1
0.352136 1
0.335633 1
0.160579 1
0.090880 1
0.418298 2
0.024982 33
6.395262 1
0.284852 1
0.075340 1
1.974884 1
0.173956 1
0.535173 1
0.342762 1
1.386412 1
0.303668 1
1.078081 1
0.246391 1
0.244773 1
0.168655 1
1.467234 1
0.124590 1
0.054566 1
0.211590 1
0.163679 1
1.374937 1
0.209536 1
0.317074 1
1.381244 1
0.245726 1
0.187471 1
0.295551 1
0.277045 4
2.398110 1
0.150896 1
0.322787 1
0.260665 5
1.180656 1
1.664829 1
0.622616 1
0.123290 1
1.535189 1
0.421527 1
0.079228 1
0.933763 1
0.081908 1
1.459337 1
0.719768 1
0.106449 1
0.109103 1
0.064311 1
3.547733 1
0.658932 1
0.812993 1
0.483672 1
1.106517 1
0.140010 1
0.760190 1
0.555575 1
0.147014 1
0.162068 1
0.853012 2
0.004543 259
0.001770 98
0.002466 38
0.020394 58
0.095985 324
0.023303 548
0.012900 33
0.246564 38
0.011211 97
0.125416 43
9.151272 28
0.003629 42
0.000952 129
0.111904 87
0.001656 33
36.650263 48
0.000868 26
1.548758 2
0.036146 33
4.010687 12
0.870014 2
0.100987 17
0.000424 24
4.239453 38
0.907375 2
0.247966 40
0.162055 60
0.020067 67
1.265076 39
9.733646 62
0.001066 39
0.024342 15
1.441955 2
0.114951 102
0.463505 94
0.056825 95
0.009827 92
0.010459 105
0.039198 98
0.141179 94
0.024570 95
0.006524 92
0.007714 105
0.010541 98
0.100624 32
0.009704 39
0.015185 32
0.509145 31
1.403869 36
0.590732 30
0.073798 44
0.003003 52
0.002932 33
0.104973 42
1.353662 24
8.001375 31
0.093070 44
0.002741 34
0.002622 53
0.060694 32
0.011954 34
0.012729 40
0.016381 36
0.018040 38
0.023600 49
0.326988 42
0.024983 39
0.025064 35
0.441402 36
0.006572 32
0.085655 34
0.042792 36
0.070321 32
0.093220 60
0.279295 65
0.022417 43
0.930215 47
0.020043 27
0.258655 32
0.003666 25
0.149319 30
0.002973 56
0.012183 46
0.003200 47
0.007091 29
6.671860 34
5.222074 92
0.067976 21
0.000769 19
7.305241 1
0.172111 1
0.458807 1
0.168711 1
0.160767 1
0.324772 2
0.007929 698
10.176991 1
0.090437 1
0.206222 1
0.114045 1
0.817779 4
0.129745 4
0.146622 4
0.117036 4
0.131392 1
0.146899 1
0.490197 1
0.172776 1
0.184038 1
1.848389 1
2.951658 1
0.226983 1
0.142626 1
0.070416 1
0.902545 1
1.580209 1
0.188187 1
0.189491 3
0.695441 1
1.702620 1
0.539433 1
0.242637 1
0.346604 1
0.543620 1
0.253216 1
2.084945 1
0.589926 1
0.569094 1
0.159054 1
1.539472 2
0.008496 93
0.000504 611
3.098767 61
1.661613 2
0.490962 2
0.029681 2
0.038020 2
0.030107 2
0.030103 2
0.031017 2
0.029982 2
0.030145 2
0.031172 2
0.030443 2
0.030631 2
0.030450 2
0.028797 2
0.030601 2
0.029808 2
0.031999 2
0.028888 2
0.029096 2
0.033820 2
0.029741 2
0.028625 2
0.030590 2
0.029470 2
0.030249 2
0.029946 2
0.029525 2
0.034150 2
0.029765 48
0.029809 83
0.030144 86
0.030261 69
0.030658 70
0.029142 74
0.029917 67
0.034339 51
0.029660 48
0.029986 71
0.032020 79
0.029545 72
0.030441 69
0.030200 51
0.030556 50
0.031483 48
0.030126 70
0.028977 93
0.029008 65
0.031656 53
0.029068 63
0.029340 63
0.029465 67
0.034238 59
0.029921 59
0.029875 67
0.031132 68
0.028271 51
0.030298 50
0.029650 48
0.029892 72
0.033771 91
0.030409 71
0.029884 62
0.029316 116
0.030389 63
0.029365 53
0.031945 62
0.028312 51
0.034245 82
0.029127 48
0.030173 83
0.032468 68
0.029651 68
0.029092 81
0.030820 48
0.029868 83
0.031356 83
0.030987 74
0.028339 84
0.029438 70
0.031248 66
0.030666 87
0.028276 51
0.031096 51
0.033427 81
0.029944 48
0.029988 83
0.029882 302
0.030480 59
0.029439 68
0.029490 60
0.030009 66
0.034057 59
0.029196 70
0.029559 97
0.030425 217
0.029762 53
0.031533 126
0.031475 51
0.027442 329
0.034645 98
0.029807 50
0.029156 241
0.032749 81
3.431181 7
0.489058 7
0.254497 7
0.199721 7
0.182751 7
0.423670 2
1.450490 4
0.488677 4
0.040365 1
0.021075 4
0.030641 1
0.028836 1
0.209755 1
0.489895 2
0.030819 1
0.030530 1
0.031581 1
0.036582 3
0.026477 1
0.036294 1
0.021720 1
0.030149 1
0.028982 1
0.029660 3
0.030639 1
0.030716 4
0.031751 4
0.028511 2
0.032459 3
0.029352 1
0.029878 6
0.029698 1
0.029917 6
0.029099 1
0.030651 4
0.030561 3
0.029467 5
1.074653 4
0.491254 1
0.174885 5
0.204469 2
0.111989 1
0.491479 5
0.028166 1
0.029280 4
0.030624 3
0.029397 1
0.030019 4
0.029841 1
0.030415 2
0.029117 5
0.034835 1
0.029202 2
0.154394 4
0.489272 1
0.030634 5
0.027207 5
0.031349 1
0.193414 5
0.243221 2
0.184218 1
0.168919 3
0.162637 1
0.163287 2
0.168946 1
0.154904 5
0.162340 1
0.166266 4
0.168807 2
0.183752 1
0.751893 1
0.455397 1
0.192939 1
0.370585 1
0.827082 78
0.170093 78
0.158164 78
0.142672 78
0.489145 78
0.030760 77
0.028836 77
0.030430 77
0.034862 77
0.029028 77
0.030183 77
0.030460 77
0.029183 77
0.030123 77
0.175704 77
0.165199 77
0.160781 77
0.149378 77
0.446639 77
2.644157 85
1.467419 77
0.401054 77
0.144634 77
0.166049 77
0.145433 77
0.149623 77
0.155816 77
0.161815 77
0.173728 77
0.208160 77
1.673359 88
1.460803 1
0.590623 1
0.183800 1
0.110915 1
0.201134 1
0.239007 1
0.574692 83
1.016971 82
2.343607 1
0.487625 1
0.030070 1
0.029632 1
0.029853 1
0.030318 1
0.029052 1
0.034871 1
0.029039 1
0.030264 1
0.031309 1
0.030376 1
0.029365 1
0.030907 1
0.030835 1
0.031904 1
0.031684 1
0.027842 1
0.028463 1
0.030457 1
0.029974 1
0.034634 1
0.029184 1
0.029830 1
0.030690 1
0.028982 1
0.030278 1
0.029681 2
0.030325 1
0.030083 1
0.029987 1
0.032842 1
0.030150 1
0.029407 1
0.029789 1
0.030123 1
0.030184 1
1.323702 1
16.482451 17
1.007685 18
9.817914 8
0.665395 2
0.155274 8
0.265033 8
0.187187 48
0.508792 87
0.487916 85
0.028145 48
0.029769 90
0.030532 88
0.029807 48
0.039618 133
0.030116 8
0.027670 48
0.029479 84
0.030907 126
0.030168 125
2.022408 21
1.322773 1
0.167665 1
1.296360 23
0.001429 72
0.000860 19
12.338284 39
1.222758 1
0.077101 1
0.303817 1
0.266695 1
0.134994 1
0.217149 1
0.418896 2
0.151435 83
0.001547 28
0.000290 25
56.439527 11
0.610071 2
2.471255 53
0.056852 20
0.000400 27
2.486127 1
0.143832 1
0.472323 1
0.159757 1
0.135516 1
0.303620 2
0.009073 697
11.664623 1
0.277827 1
0.599158 1
0.827058 1
0.224457 1
0.230540 1
0.268033 1
1.106927 2
0.055719 41
7.449280 1
0.160002 1
0.303221 1
0.079238 1
0.255648 1
0.089428 4
1.869425 1
0.130419 1
0.064001 1
0.201013 1
0.119445 1
1.464301 1
0.324244 1
0.193144 1
0.146014 16
3.409754 1
0.386347 2
0.011766 79
2.622216 1
0.131731 2
0.047934 50
0.002501 33
4.589554 1
0.133653 1
0.217228 1
0.186251 1
0.033038 1
0.215957 4
1.577251 1
0.848413 1
0.219601 1
17.334477 8
1.049114 1
1.404705 1
0.648420 4
0.275913 1
0.501051 1
1.530924 1
0.437644 1
1.636681 1
1.791205 1
0.181492 1
0.170202 1
1.257017 1
0.286313 1
0.187343 1
0.513200 1
0.379026 1
0.270882 1
0.130689 1
2.019706 2
0.007861 118
4.724744 36
0.200865 1
0.489935 1
0.029105 1
0.029632 1
0.034106 1
0.028989 1
0.029544 1
0.042784 1
0.018136 1
0.029271 1
0.031671 1
0.029634 1
0.030779 1
0.027777 1
0.032335 1
0.027922 1
0.030450 1
0.030234 1
0.034783 1
0.029209 1
0.030285 1
0.180905 1
0.177857 1
0.133718 1
0.224347 1
0.475762 5
0.940698 5
1.961484 2
0.049502 89
2.442784 1
0.148194 2
0.000735 53
0.005512 38
0.002430 33
11.701736 1
1.280500 1
0.323330 1
0.049773 1
2.110541 1
0.349369 1
0.246253 1
0.079716 1
1.552547 1
0.280561 1
0.084050 1
0.056780 1
0.190973 1
0.156043 1
1.417184 1
0.316993 1
0.194701 1
0.141355 8
2.122222 1
0.140937 1
0.243565 1
0.237662 5
0.856387 1
0.373735 2
0.014736 628
0.025322 33
3.192119 1
0.108737 1
0.252905 1
0.764205 1
0.113540 1
0.381604 1
0.617884 1
0.108430 1
0.029928 1
0.189589 1
0.143583 1
1.694534 1
0.186504 1
0.167444 1
0.108195 8
2.783082 1
0.130263 1
0.187350 1
0.249921 5
1.487161 1
0.287323 1
0.615261 1
0.322578 1
0.130203 1
0.123114 1
0.487640 2
0.022183 33
5.618849 1
0.299360 1
0.077526 1
2.091681 1
0.161331 1
0.170113 1
0.411967 1
0.284132 1
0.718693 1
0.488661 1
1.002482 1
0.522228 1
0.156113 1
0.976747 1
0.294246 1
0.025408 1
0.209440 1
0.138029 1
1.855968 1
0.147130 1
0.454580 1
0.198473 1
0.140246 1
0.066142 1
1.539029 1
0.627420 1
0.075750 1
0.859683 1
0.215687 1
0.212597 1
0.125343 1
2.048214 4
0.171539 4
0.881329 1
0.215909 1
0.330794 1
10.049634 1
0.220344 1
4.858868 1
0.406391 1
0.100237 1
0.890976 1
0.038169 1
0.296767 1
0.271163 1
0.184825 1
0.109005 1
0.048001 1
0.268828 1
1.409058 1
0.622047 1
0.409104 1
1.211621 1
0.138583 1
0.788302 1
0.341814 1
0.152141 1
0.116124 1
2.765030 2
0.007405 259
0.001748 98
0.002109 38
0.009288 58
0.085785 324
0.030487 542
0.008584 33
0.238658 38
0.015206 97
0.117930 43
13.612222 28
0.001730 171
0.113519 104
0.000386 16
21.043509 63
0.000405 12
1.135601 2
0.021562 33
6.042015 11
0.875421 2
0.065379 41
4.847065 38
1.451491 2
0.249850 40
0.096351 60
0.017329 67
1.179012 39
6.779953 75
0.033468 42
0.835013 2
0.098553 102
0.464075 94
0.051128 95
0.009668 92
0.009033 105
0.037178 98
0.128085 94
0.023401 95
0.006401 92
0.006982 105
0.010077 98
0.096823 32
0.009725 39
0.013711 32
0.324647 31
1.363201 36
0.594785 30
0.069564 44
0.003094 52
0.002843 33
0.103385 42
1.336705 24
8.143767 31
0.097442 44
0.002699 34
0.002530 53
0.060200 32
0.021617 34
0.012298 40
0.015618 36
0.019081 38
0.022159 49
0.290821 42
0.024694 39
0.025390 35
0.393764 36
0.006630 32
0.072296 34
0.034292 36
0.076887 32
0.102943 60
0.262507 65
0.020553 43
0.928111 47
0.018950 27
0.132926 32
0.003216 25
0.158779 30
0.003428 56
0.010962 46
0.003455 47
0.006979 29
8.334760 34
5.640003 92
0.068937 40
4.325825 1
0.238524 1
0.692257 1
0.262991 1
0.067350 1
1.240273 1
0.225504 1
0.065425 1
1.458395 1
0.343568 1
0.117787 1
0.068968 1
0.236289 1
0.162324 1
1.732423 1
0.491317 1
0.832747 1
0.290855 1
2.183878 1
0.106194 1
1.253668 1
2.243110 2
0.062454 52
0.007690 92
2.200407 1
0.178458 1
0.542120 1
0.175631 1
0.073185 1
0.309505 1
0.647224 1
0.071655 1
1.936243 1
0.699478 1
0.433219 1
1.602775 1
0.232810 1
0.141588 1
0.389200 1
1.727296 1
0.087333 1
0.046459 1
0.218211 1
0.175257 1
0.992824 1
0.262830 1
0.633874 1
0.229434 1
1.325981 1
0.315419 4
0.466026 1
0.111533 1
0.826301 1
0.898090 2
0.050621 85
4.331278 1
0.125502 1
0.306996 1
0.239158 1
0.021861 1
0.250038 4
1.472744 1
0.407657 1
1.652707 1
0.204537 1
0.157409 1
0.492022 1
2.047105 1
0.226569 1
0.838380 1
0.257465 1
0.128293 1
1.975171 1
0.839208 1
0.427803 1
0.763323 1
0.176978 1
0.764535 1
0.117979 1
2.306165 1
0.440783 1
2.240889 1
0.187734 1
0.697030 1
0.154932 1
0.177282 1
0.333121 2
0.042400 55
0.465343 35
0.010843 40
6.706594 1
1.416544 1
0.379354 1
0.079971 1
0.726623 1
0.141140 1
0.268066 1
0.177847 2
0.893476 1
0.226843 1
3.797698 1
0.109410 1
0.080660 1
0.635353 4
0.188969 4
0.543849 1
0.077659 1
0.258428 1
0.372997 1
1.821957 1
0.208873 1
0.350031 1
0.200985 1
0.182490 1
2.062154 1
0.793144 1
0.104875 1
1.909561 1
0.159679 1
0.276977 1
1.604957 2
0.004344 29
0.017519 668
0.000550 6
0.129590 48
10.459720 1
0.116545 1
0.307339 1
0.214998 1
0.093260 1
0.222407 1
0.614879 1
0.082340 1
0.043956 1
0.212867 1
0.153472 1
1.738859 1
0.182504 1
0.333432 1
0.211615 1
0.192637 1
1.700689 1
0.945235 1
0.093740 1
0.335603 1
0.255577 1
0.166605 1
0.885544 1
0.241431 1
0.425881 1
0.185920 1
0.128922 1
0.230814 2
0.044852 40
7.638470 19
0.875979 2
1.836863 40
5.683596 42
0.990875 2
0.017472 40
5.216958 12
0.759408 2
0.092974 40
5.403234 29
1.029312 1
0.491816 1
0.029864 1
0.029553 1
0.028617 1
0.030594 1
0.031068 1
0.037952 1
0.029201 1
0.030520 1
0.031428 1
0.028769 1
0.167154 1
0.163366 1
0.202030 1
0.420208 5
0.742258 3
0.225883 3
0.160005 3
0.230009 3
0.194064 3
0.218085 3
0.173300 3
0.400875 5
0.854481 3
0.487199 3
0.030958 3
0.029688 3
0.030619 3
0.029790 3
0.029669 3
0.266810 3
0.741698 2
0.045224 40
16.425139 78
0.024381 5
1.762660 2
0.091558 21
0.002744 19
9.012079 1
0.319500 1
1.022579 1
0.147825 1
0.415760 1
0.325234 1
0.249174 1
0.261362 1
0.149534 1
0.830813 1
0.294760 1
0.299494 1
0.218921 1
0.218655 1
2.448178 2
0.001784 707
9.861782 1
0.076891 1
0.162916 1
2.807279 1
0.968048 1
0.219710 1
0.155408 1
0.079950 1
0.938193 1
0.496247 1
0.387741 1
0.275392 1
0.120027 1
0.290038 1
0.591872 4
0.488927 4
0.180128 4
0.158021 4
0.182177 4
0.693392 1
0.181218 1
0.221253 3
0.813081 1
0.587421 1
1.693469 1
0.063917 1
0.229547 3
2.922407 1
0.112683 1
0.295425 1
0.151795 1
0.280246 1
0.359740 2
0.007167 15
0.001987 78
0.000532 611
2.298687 2
0.489837 2
0.029654 2
0.029932 2
0.031246 2
0.028846 2
0.030341 2
0.037580 2
0.029939 2
0.029691 2
0.029915 2
0.030491 2
0.030128 2
0.029231 2
0.029226 2
0.034949 2
0.029619 2
0.029667 2
0.030482 2
0.028504 2
0.030210 2
0.030010 2
0.030408 2
0.033789 2
0.029325 2
0.030228 2
0.031163 2
0.030413 2
0.030893 58
0.031746 83
0.028944 86
0.031594 69
0.029345 70
0.030708 74
0.028852 67
0.030199 51
0.030504 48
0.407009 71
0.497852 79
0.027950 72
0.029996 69
0.030324 51
0.030179 50
0.030439 48
0.029291 70
0.030494 93
0.033758 65
0.029508 53
0.226340 63
0.487965 63
0.030654 67
0.036422 59
0.030127 59
0.030142 67
0.028958 68
0.030177 51
0.030639 50
0.028599 48
0.030784 72
0.034137 91
0.289472 71
0.488586 62
0.032236 116
0.030611 63
0.030047 53
0.028185 62
0.030149 51
0.030122 82
0.031647 48
0.029113 83
0.034104 68
0.029832 68
0.029981 81
0.029029 48
0.029414 83
0.030271 83
0.030271 74
0.029805 84
0.034620 70
0.029847 66
0.029182 87
0.032088 51
0.028863 51
0.032041 81
0.028960 48
0.030157 83
0.032181 302
0.030600 65
0.029428 74
0.029578 66
0.029848 72
0.029396 65
0.030540 76
0.029014 103
0.033219 217
0.378885 57
0.616838 132
0.483155 53
0.746357 335
0.290308 104
9.868537 21
0.831390 1
0.281562 91
2.309392 6
0.005742 33
1.323402 1
0.514067 1
0.695510 1
0.424268 1
0.132622 1
0.128306 1
4.734454 2
0.411235 83
0.001531 28
0.000129 25
40.730235 11
0.396926 9
0.546845 5
0.658282 2
77.967205 28
0.000126 25
101.993720 11
0.194099 2
2.340444 53
0.045871 47
2.265319 1
0.235919 1
0.544209 1
0.134923 1
0.126075 1
0.297113 2
0.010367 1157
21.553259 1
0.348250 1
0.174479 1
0.225453 1
0.146929 1
0.287955 1
0.206193 1
0.281711 2
0.050309 41
5.064971 1
0.103147 1
0.769250 1
0.062598 1
0.222084 1
0.419831 1
0.340743 1
0.546815 1
0.481949 1
2.267758 1
0.133009 1
0.084455 1
0.177386 1
0.162437 1
1.256258 1
0.235738 1
0.312665 1
0.269897 11
1.835557 2
0.012326 73
1.706645 1
0.135623 2
0.030680 48
0.003205 33
4.125578 1
0.184660 1
2.089176 1
0.051620 1
0.319452 1
0.095931 4
2.261706 1
0.159455 1
0.495440 1
0.276052 1
0.130079 1
0.061998 1
0.286391 2
0.018264 79
2.811165 1
0.420167 1
0.299172 1
0.077740 1
0.287387 1
0.268578 1
0.185343 1
0.072999 1
1.104751 1
0.232449 1
0.072959 1
0.379226 1
1.218416 4
0.143104 4
0.166800 4
0.640157 1
0.167097 1
0.061844 1
0.220557 1
0.173524 1
0.334856 1
0.343714 1
0.227067 1
1.659889 2
0.028694 93
34.152298 1
0.077741 1
0.255107 1
0.219807 1
0.053572 1
0.270298 1
0.194192 1
0.085184 1
1.611610 1
0.390092 1
0.404864 1
0.960194 1
1.311307 1
0.167656 1
0.140710 1
1.637388 1
0.353242 1
0.188021 1
0.942061 1
0.309632 1
0.315093 1
0.110351 1
1.913380 1
0.216166 1
0.437684 1
0.722773 1
0.560555 1
1.143161 1
0.200629 1
0.110342 1
0.051257 1
0.247680 1
1.423208 4
0.186318 4
0.660137 4
0.191936 4
0.810022 1
0.335469 1
0.194569 1
1.463131 1
0.300265 1
0.172146 1
0.224245 1
0.443135 1
0.211519 1
0.123767 1
1.169354 2
0.047757 40
0.003397 17
0.001580 16
3.006652 1
0.735670 1
0.695361 1
0.097648 1
0.863224 1
0.702250 1
0.360294 1
0.088911 1
1.268939 1
1.843751 1
0.085958 1
0.109992 1
0.269503 1
0.204040 1
0.924201 1
0.154180 1
0.201239 1
0.124743 8
1.579463 1
0.145606 1
0.203449 1
0.228910 4
1.325623 1
0.261788 4
1.930937 2
0.014106 629
0.024415 33
6.229565 1
0.158616 1
0.335869 1
0.206501 1
0.076107 1
64.467908 1
1.908736 1
0.081438 1
0.071129 1
0.191310 1
0.159251 1
1.747611 1
0.155735 1
0.166589 1
0.086984 8
2.063145 1
0.136043 1
0.341278 1
0.996041 1
0.187898 1
0.174857 2
0.841956 1
0.298183 1
0.225207 1
0.067615 1
4.960359 1
0.426031 1
0.416221 1
0.149251 1
0.140984 1
0.211828 2
0.022123 33
7.393520 20
7.384925 2
0.007467 33
5.147344 14
1.512837 2
0.001918 33
5.351982 11
0.872448 2
0.008135 33
2.475828 1
0.073468 1
0.278009 1
0.191771 1
0.100257 1
0.511656 1
0.841059 1
0.064824 1
0.063562 1
0.174626 1
0.095429 1
2.232619 1
0.185765 1
0.179494 1
0.927207 8
1.633478 1
0.144545 1
0.193965 1
0.200295 1
0.992018 4
0.520750 1
1.882094 4
1.176527 1
0.492497 4
1.928372 1
1.039975 1
0.417983 1
0.230087 1
0.086314 1
0.238256 2
0.021052 33
3.255166 1
0.917329 1
0.557000 1
0.127142 1
0.151120 1
0.247588 2
0.007451 1196
9.411019 57
0.000482 14
0.028379 11
6.043568 2
0.078307 33
2.146002 82
0.656176 4
0.588336 4
0.028702 4
0.030870 4
0.031024 4
0.113415 4
0.178567 4
0.140464 4
0.259263 4
0.129358 4
0.149128 4
0.133753 4
0.147828 4
0.239576 4
0.726483 2
0.026644 101
12.987341 23
1.219952 2
0.002748 33
3.538084 1
0.286561 1
0.615443 1
0.197380 1
0.086374 1
0.813103 1
0.180900 1
0.088421 1
1.505270 1
0.249746 1
0.390789 1
1.409690 1
0.336435 1
0.137711 1
0.920267 1
0.209092 1
1.227942 1
0.208958 1
0.669445 1
0.296361 1
0.147501 1
0.910474 1
1.986653 1
1.032262 1
0.267633 1
0.911141 1
0.094928 1
0.325279 1
0.409230 1
0.106767 1
0.465071 1
0.463181 1
0.997674 1
0.086433 1
0.042329 1
0.227566 1
0.143677 1
0.880282 1
0.202835 1
0.145845 1
1.875086 1
1.032837 1
4.941117 4
0.487278 4
0.030209 4
0.030174 4
0.029812 4
0.029479 4
0.030099 4
0.030759 4
0.865305 1
0.129527 1
0.394955 1
0.473760 1
0.151518 1
0.177420 1
0.874288 1
0.332066 1
0.272653 1
0.189246 1
0.482963 2
0.023240 132
3.765104 42
2.153436 1
0.489034 1
0.029936 1
0.030097 1
0.030356 1
0.032864 1
0.030908 1
0.029297 1
0.030688 1
0.028615 1
0.030166 1
3.513513 3
2.038040 21
0.393571 21
0.160661 21
1.574231 21
0.537385 21
0.093987 21
0.273430 21
0.399910 1
0.378158 25
0.878167 21
0.185723 1
0.406044 25
0.735338 21
0.186988 23
1.649364 21
0.826432 2
0.013447 55
0.089426 38
0.007562 33
15.059807 25
1.259800 2
0.002261 33
4.224390 12
0.768128 2
0.007535 33
4.963296 1
0.957467 1
0.278346 1
0.102436 1
0.297614 1
1.211168 1
0.080298 1
0.232056 1
0.212375 1
1.198855 1
0.234696 1
0.197825 1
0.281026 1
0.241513 1
0.208438 1
0.211272 1
0.079384 1
0.892356 1
0.722624 1
1.921074 4
0.547540 1
0.115078 1
0.198051 1
0.104535 1
1.096200 1
0.327614 1
0.151628 1
0.152546 1
1.940189 1
0.406223 1
0.267273 1
0.132538 1
0.653206 1
2.161701 1
1.194080 1
0.290829 1
0.809847 1
0.416438 1
0.105497 1
3.890776 4
0.166921 4
0.302526 4
0.262748 4
0.567543 1
0.370429 1
0.253088 1
0.139022 1
0.268024 1
0.575265 1
0.108388 1
0.193996 1
0.371553 2
0.010637 114
6.348704 37
0.648623 1
0.487750 1
0.031154 1
0.033068 1
0.029613 1
0.029550 1
0.030080 1
0.030490 1
0.029725 1
0.029845 1
0.030019 1
0.034535 1
0.029485 1
0.029842 1
0.029987 1
0.029421 1
0.206634 1
0.176183 1
0.195927 1
1.491171 39
0.127381 39
0.054071 39
0.206317 39
0.123415 39
0.315732 2
0.011091 114
2.369761 42
0.858347 1
0.490215 1
0.029160 1
0.034585 1
0.029205 1
0.029772 1
0.029939 1
0.030458 1
0.030431 1
0.029692 1
0.030321 1
0.033221 1
0.031024 1
0.029000 1
0.029607 1
0.030827 1
0.029186 1
0.031054 1
0.030234 1
0.034702 1
0.029323 1
0.679669 3
0.887133 27
0.414926 1
0.485834 1
0.030171 1
0.030363 1
0.033701 1
0.029649 1
0.030301 1
0.030310 1
0.029102 1
0.262298 1
0.213147 1
0.250059 27
0.697789 23
0.330473 2
0.037027 50
0.052179 42
15.002794 33
24.955965 1
0.557692 1
0.199633 1
0.202590 1
0.098871 1
0.121069 1
0.405569 1
0.929844 1
0.232596 1
0.185511 1
0.079692 1
0.230637 2
0.019205 33
2.411191 1
0.111411 1
0.097546 1
0.264254 1
0.572713 1
0.254087 1
0.309153 2
0.003640 700
5.345625 1
0.095503 1
0.559992 1
0.137239 1
0.136036 1
0.301831 2
0.007363 1196
13.934989 47
0.698465 8
0.001355 34
0.001616 28
0.000358 25
2.048296 6
