0.085502 28
0.000238 25
3.742343 1
0.213193 1
0.125182 1
0.860766 1
0.116563 1
0.284220 1
0.144109 1
0.258034 1
0.306225 1
0.158097 1
0.114076 1
0.316021 2
2.368201 53
0.044368 47
15.240971 1
0.236069 1
1.043441 1
0.081786 1
0.181453 1
0.320480 2
0.006870 285
13.073118 1
0.326471 1
0.138558 1
0.547166 1
0.373617 1
0.145565 1
0.117414 1
2.396148 1
0.297870 1
0.105456 1
0.198211 1
0.312580 2
0.001060 78
1.756849 1
0.183618 1
1.375616 1
0.360864 1
0.444128 1
0.249803 1
0.272005 1
0.203076 1
0.160801 1
0.402885 1
0.645225 1
0.799547 1
0.844626 1
0.374600 1
0.101746 1
1.916835 1
0.299964 2
0.219511 31
0.063245 85
2.966603 1
0.107105 1
0.728711 4
0.175466 4
0.183713 1
0.436551 1
0.170665 1
0.345725 1
0.204402 1
0.122223 1
0.396687 1
0.089284 1
0.357176 2
0.078460 59
1.279047 1
2.132116 1
0.173392 1
0.669880 1
0.216275 1
0.164441 1
0.266194 1
0.159002 1
0.164793 1
0.100666 1
0.357254 1
0.137457 1
0.158538 1
1.349904 1
0.572595 1
0.070553 1
1.856967 1
0.291881 2
0.133359 31
0.045738 42
0.000463 2
0.005467 93
0.257600 120
0.038760 121
0.139939 114
0.005554 105
0.007555 383
0.006408 109
0.002357 110
0.011461 97
0.002680 103
0.004634 125
0.005499 449
0.002948 103
0.004057 175
0.014962 450
0.016261 366
0.002638 184
0.003271 77
0.004832 74
0.003596 97
0.008108 110
0.007564 201
0.002061 99
0.010372 238
0.008818 387
0.019089 111
0.007366 80
0.005661 258
0.003032 57
0.011326 405
0.008736 75
0.034535 89
0.005797 85
0.004435 98
0.003281 95
0.011958 567
0.002962 68
0.010382 403
0.003141 191
0.014112 459
0.013729 102
0.005532 289
0.007573 193
0.030817 165
0.026849 67
0.007319 203
0.010927 110
0.005854 305
0.330064 36
0.250961 25
0.003521 4095
0.000192 2222
0.001123 2939
11.638245 1
0.841951 2
0.021749 139
0.056257 29
0.001328 22
0.942621 16
0.656219 4
0.314798 1
0.163379 2
0.200699 31
0.047963 137
0.243475 120
0.016357 107
0.189014 121
0.005764 105
0.002117 114
0.005340 105
0.012687 316
0.006204 298
0.011606 492
0.003070 103
0.011328 386
0.371245 36
0.187270 2616
1.958289 1
0.554358 2
0.003041 23
0.007408 42
0.408490 198
0.011864 396
0.048386 396
0.211469 198
0.133438 197
0.050507 198
0.011452 198
0.008730 394
0.026562 27
0.145091 26
0.079397 49
0.059827 195
0.011245 783
0.258434 975
0.006176 390
0.009458 588
0.043206 780
0.016555 1560
0.005816 390
0.001926 195
0.005869 783
0.040870 783
0.031958 1173
0.284178 975
0.010467 390
0.025329 1365
0.016315 780
0.016260 1170
0.016650 1560
0.016465 1755
0.016786 780
0.016420 1950
0.019906 1173
0.037428 195
0.014980 390
0.011718 780
0.026018 1950
0.013898 780
0.020562 390
0.002145 198
0.025498 585
0.016684 195
0.011223 780
0.017286 780
0.015838 780
0.016628 975
0.016709 975
0.016291 1170
0.017313 1365
0.016741 585
0.017027 975
0.004002 390
0.019912 585
0.023846 195
0.024079 585
0.009092 198
0.609124 198
0.041716 198
0.035112 198
0.015336 198
0.006709 198
0.005625 198
0.010395 198
0.007715 198
0.004664 198
0.010845 198
0.004458 198
0.001524 198
0.260268 714
0.071347 51
4.124557 1
0.327899 1
0.117514 1
1.314975 1
0.211721 1
0.127029 1
0.138006 1
1.063425 4
0.149674 4
0.141076 4
0.563643 1
0.333472 4
0.263767 1
0.164735 1
0.170850 1
1.744343 1
0.256110 1
0.116394 1
0.159151 1
0.313430 2
0.037791 249
0.002445 51
17.534862 1
0.156062 1
0.489672 1
0.235263 1
0.068094 1
0.231962 1
0.131021 1
0.715661 1
0.165502 1
1.286605 1
0.161707 1
0.047677 1
0.271140 1
0.948596 1
0.643631 1
0.847171 1
0.073822 1
0.653645 2
0.045562 52
0.005327 29
0.000847 22
3.350960 1
0.167152 1
0.461870 1
0.258473 1
1.408319 1
0.106965 1
0.177897 1
0.276263 1
2.238566 1
0.719183 1
0.170684 1
0.183610 1
0.255017 1
0.548337 1
2.395756 1
0.178484 1
0.060485 1
0.223973 1
0.151315 1
0.652014 1
0.438789 1
0.143456 1
2.328869 2
0.034935 44
0.003731 51
1.761085 1
0.890662 1
0.098421 1
0.243951 2
0.013044 86
0.004892 51
5.861739 1
0.063971 1
0.613982 2
0.001959 80
1.001953 1
0.139442 1
0.143039 1
0.203159 2
0.018061 90
0.003545 51
6.399795 1
0.151243 1
0.328791 1
0.203068 1
0.114605 1
0.162554 1
0.241858 1
1.666591 2
2.014741 1
1.738752 1
0.516690 1
0.054526 1
1.294461 1
0.653253 1
0.365398 1
0.272536 1
0.197275 1
2.094816 1
0.137347 1
0.633549 1
0.153401 1
0.235440 1
0.070066 1
0.362131 1
0.181883 1
0.650035 1
0.846706 1
0.321495 1
0.161821 1
0.244157 1
0.206833 2
0.008268 125
3.620728 31
0.521210 1
0.698166 1
0.417125 1
0.024082 1
0.037107 1
0.033565 1
0.030943 1
0.034249 1
0.035635 1
0.030875 1
0.033409 1
0.032867 1
0.034766 1
0.032919 1
0.033054 1
0.035009 1
0.032014 1
0.176605 1
0.176806 1
0.176737 1
0.174895 1
0.860877 5
0.454004 2
0.075070 34
0.012355 51
3.605593 1
0.412019 1
0.145325 1
0.804449 2
0.014443 166
0.002805 51
12.045864 1
0.470240 1
0.865332 1
0.272909 1
0.237078 1
0.497654 1
1.189951 4
0.728848 1
0.176041 1
0.085812 1
0.253414 1
0.410279 2
0.013080 648
0.003546 51
33.696470 9
0.695854 1
0.301897 1
0.294197 1
0.248892 1
0.499100 1
0.356844 1
0.205737 1
0.176762 1
0.170967 2
0.012342 1439
0.003957 51
19.184256 1
0.045540 1
1.346800 1
0.161637 1
0.112475 1
0.202273 1
0.274071 1
0.071482 1
0.208197 2
1.614727 1
0.079208 1
0.062259 1
0.214528 1
0.142988 1
1.808816 1
0.187324 1
0.299797 8
1.015221 2
0.012123 582
0.003012 51
22.329444 1
0.122363 1
0.849551 1
0.239567 1
0.044167 1
0.217059 1
0.204257 1
0.124082 1
0.500713 1
1.574723 1
0.260203 1
0.371783 1
0.368063 1
0.158959 1
0.473866 1
0.158407 1
1.419836 1
0.525594 1
0.250447 1
0.552110 1
0.297517 1
0.118537 1
0.499026 1
0.140936 1
0.118411 1
0.443491 1
0.216533 1
0.205112 1
0.179345 1
0.189741 2
0.043120 35
0.010804 51
1.824821 29
0.845742 100
6.015538 4
0.416543 4
0.025007 4
0.035553 4
0.034129 4
0.032321 4
0.033518 4
0.033386 4
0.033072 4
0.033541 4
0.033914 4
0.032808 4
0.033533 4
0.033944 4
0.032654 4
0.033402 4
0.033149 4
0.034301 4
0.031785 4
0.033800 4
0.033992 4
0.033038 4
0.034280 4
0.033862 4
0.033540 4
0.034631 1
0.034106 1
0.034037 1
0.034366 1
0.037702 1
0.521191 1
0.418600 1
0.207873 1
0.125850 2
0.014473 255
0.002157 51
8.929367 1
1.440542 1
0.380420 1
0.112163 1
0.857543 1
0.259550 1
0.661709 1
0.160636 3
1.037072 1
0.185939 1
2.327512 1
0.160840 1
0.024539 1
0.399445 1
0.164783 1
0.889896 1
0.171709 1
0.472439 1
0.115765 2
1.593611 1
0.051448 1
0.248492 3
0.787747 2
0.005388 29
0.016784 652
0.243120 75
0.034979 10
0.047124 59
10.650762 1
0.448279 1
3.238603 1
0.237166 1
0.084690 1
0.104969 1
1.160873 1
0.364997 1
0.134170 1
0.235943 1
0.124123 1
1.129637 2
0.002796 51
4.012116 1
0.234622 1
0.247578 1
0.431886 1
0.084653 1
0.155705 1
0.806258 1
0.265653 1
0.053078 1
0.199125 1
1.836007 1
1.057739 1
0.232939 1
0.141347 1
0.139426 2
1.571946 1
0.051975 1
0.471508 1
0.191961 2
1.784166 1
0.216909 1
0.038369 1
0.276285 1
0.058977 1
0.732224 2
0.076832 51
5.268122 1
0.029645 1
0.387542 1
0.151331 1
0.080450 1
0.976104 4
0.159786 4
1.127499 1
0.137082 1
0.197145 2
0.003483 2629
6.023305 5
2.036413 1
1.898083 1
0.259756 1
0.542548 1
0.359195 1
0.548331 1
0.670378 4
0.452251 1
0.304055 1
0.132434 1
2.198794 1
0.388019 1
0.130817 1
0.298832 1
0.161527 1
0.494443 2
0.004861 146
19.333039 1
0.065932 1
0.744907 1
0.351667 1
0.153467 1
0.269382 1
0.199492 1
0.056236 1
0.153372 1
2.382108 1
0.092673 1
0.056496 1
0.194023 1
0.168153 1
1.727421 1
0.346812 1
0.128790 1
0.181916 2
0.040217 52
0.008518 51
4.270279 1
0.413138 1
0.279121 1
0.263572 2
1.330602 1
0.137519 1
0.219275 3
2.589340 1
0.143222 1
0.156018 1
0.322289 1
1.236631 1
0.280830 1
0.132300 1
0.051310 1
0.233047 1
0.193643 1
2.411262 1
0.387703 1
0.121927 1
1.554581 2
0.032392 45
0.008019 51
2.199318 1
0.208971 1
0.155239 1
0.165928 2
0.012553 82
0.003973 51
9.834940 1
0.079340 1
0.944794 1
0.325158 1
0.218458 1
1.564785 1
0.204185 1
0.119219 1
0.221516 1
0.168431 1
0.838531 1
0.407741 1
0.103358 1
0.373276 1
0.301916 1
0.141399 1
0.225254 1
0.237566 1
0.511320 1
0.638204 1
0.290355 1
0.043568 1
1.185497 4
0.156166 4
0.161175 4
0.045791 1
0.463114 1
0.372971 4
0.192294 1
0.253882 1
0.055143 1
0.713640 1
0.395543 1
2.801351 1
0.334859 1
0.411900 2
0.015463 514
0.002997 51
42.363268 66
0.530184 2
1.005606 54
1.001339 54
1.007837 55
1.033862 55
0.985884 55
1.007521 55
1.000414 55
1.052521 55
0.982010 55
1.015180 56
0.988368 56
1.005788 56
1.002123 56
1.001168 56
1.009393 56
0.991929 56
1.000610 56
0.208662 212
1.390458 53
11.769067 1
0.070807 1
0.234444 1
0.549632 1
0.823805 1
1.724909 1
0.191272 2
0.011955 487
7.919962 6
1.230746 1
0.666321 1
0.273825 1
0.189145 1
0.758459 1
0.171682 1
0.353853 1
0.093725 1
0.237799 1
0.069308 1
0.195156 2
0.007201 120
15.216792 1
0.133640 1
0.375156 4
0.072015 1
0.629878 1
0.288109 1
0.285667 1
0.081858 1
0.297919 1
0.159610 1
0.465793 4
0.051921 1
1.052030 1
0.383258 1
0.973313 1
0.553512 1
0.629288 1
0.218770 1
0.560858 1
0.589177 1
0.256481 1
0.250656 1
0.182139 1
1.417870 1
0.267002 1
0.157724 1
0.076745 1
0.239304 1
0.216654 1
0.908284 6
1.875464 1
0.359338 1
0.260932 3
2.843064 2
0.013239 104
0.024136 50
0.025689 51
6.522698 1
0.322350 1
0.192113 1
0.151590 2
0.013496 255
0.002707 51
12.162115 1
0.079539 1
0.140475 1
0.264683 1
0.408138 1
0.923945 1
0.266463 1
0.493852 1
0.312010 1
0.227321 1
0.046741 1
2.138858 1
0.089085 1
0.623795 1
0.097469 1
0.249995 1
0.103012 1
0.196036 2
0.003983 120
9.817728 1
0.039362 1
2.334883 1
0.116786 1
0.116240 3
0.801776 1
0.634731 1
0.092592 1
3.701133 1
0.298384 1
0.167910 1
0.033938 1
0.250943 1
0.388858 1
0.165533 1
2.404692 1
0.544263 1
0.436283 4
0.039448 1
0.313607 3
1.015697 1
0.045745 1
0.317910 1
0.219111 2
1.807946 2
0.005633 151
0.263552 115
1.980824 1
0.132103 1
0.184182 1
0.166577 1
0.290124 1
0.221524 1
0.505018 1
0.086587 1
0.458003 1
0.210461 1
0.048258 1
0.737526 1
0.161836 1
0.557993 1
0.095063 1
0.154497 1
0.103230 1
0.347171 2
0.005006 120
10.829577 1
0.477351 1
0.791554 1
0.285429 1
0.487502 1
0.105300 1
0.148612 1
0.755805 1
0.260272 1
0.102567 1
0.253413 1
0.072843 1
0.214102 1
0.815078 4
1.010486 2
0.071211 51
8.790010 25
0.654149 2
0.003385 29
0.017304 44
0.016321 38
0.009830 120
0.011014 79
0.023883 51
6.460058 1
0.057515 1
1.000633 1
0.198918 1
0.263926 1
0.280341 1
0.378111 1
0.457935 1
0.169468 1
0.248344 1
0.643436 1
0.130244 1
0.056583 1
0.184045 1
0.345267 1
0.626649 1
0.162123 1
0.299146 4
0.056176 1
0.237924 3
2.201095 1
0.038737 1
0.276199 1
0.165060 1
0.633558 1
1.846670 1
0.127820 1
4.075195 1
3.191542 2
0.002483 32
0.000980 67
0.150673 115
16.270722 1
0.977607 1
2.387206 1
0.073517 1
0.210414 1
0.812714 1
0.184382 4
1.765677 1
0.062364 1
0.054984 1
0.398469 1
0.209683 1
0.925418 1
0.188135 1
0.451549 4
1.689272 1
0.054229 1
0.354884 1
0.632457 1
0.216869 1
1.939777 1
0.652591 4
0.493273 1
0.401169 1
0.956534 1
0.168247 1
0.524095 1
1.773053 2
0.012550 152
6.113650 1
0.767049 2
0.000734 104
0.022116 50
0.023561 51
9.313204 1
0.067370 1
0.776334 1
0.622143 1
0.103877 1
0.285483 1
0.578096 1
0.085494 1
0.056000 1
0.457857 1
0.192291 1
0.639578 1
0.151932 1
0.965615 1
0.168065 1
0.166194 1
0.783735 1
0.039658 1
0.358128 1
0.181836 2
1.323495 1
1.356219 1
0.076873 1
0.457572 1
0.086687 1
0.295200 2
0.012380 51
1.700086 1
0.088438 1
0.205594 1
0.166297 1
0.440192 1
0.613085 2
0.002243 487
4.292458 5
1.379514 1
0.720503 1
0.085402 1
0.435905 1
0.423355 1
1.002995 1
0.198528 1
0.252674 1
0.359442 1
0.085007 1
0.402109 1
0.097335 1
0.170408 2
0.003786 120
7.855357 1
0.061485 1
0.153384 1
0.196107 2
0.012984 255
0.003812 51
13.196463 1
0.125961 1
0.464870 1
0.301082 1
0.077331 1
0.279356 1
0.821122 1
0.084272 1
1.558987 1
0.339155 1
0.337829 1
0.661817 1
0.268656 1
0.134487 1
1.295980 1
1.380562 1
0.224448 1
0.242056 1
0.243494 1
0.719582 1
0.629696 1
0.390892 1
0.878942 1
0.076023 1
0.293716 1
0.197289 1
0.785852 1
0.202917 1
0.425929 1
0.097505 1
0.414492 1
0.905277 1
0.546342 1
0.151162 1
0.068960 1
0.264715 1
0.331537 1
2.254924 1
1.073368 1
0.101445 1
2.658081 1
0.516756 1
0.825413 4
0.156459 4
1.920756 1
0.177935 1
0.127642 1
0.410331 1
1.184843 1
0.054195 1
0.290477 1
0.279220 1
0.936497 1
0.400630 2
0.189658 39
0.011821 51
6.479328 1
0.185187 1
0.166031 1
0.197453 2
0.016518 82
0.003261 51
9.180542 3
1.179384 1
0.156421 1
0.341831 1
9.745270 40
1.320997 2
0.014642 4095
0.000337 2582
0.001151 4095
0.000386 2906
0.002652 1157
1.691704 46
3.404465 1
0.409777 1
0.033927 1
0.032824 1
0.034640 1
0.034013 1
0.032220 1
0.034446 1
0.033156 1
0.034150 1
0.032645 1
0.033463 1
0.033816 1
0.033064 1
0.033362 1
0.034423 1
0.032982 1
0.033072 1
0.034192 1
0.032570 1
0.033411 1
0.032952 1
0.032443 1
0.041117 1
0.027727 1
0.032378 1
0.033311 1
0.033198 1
0.033342 1
0.032921 1
0.217537 1
0.145921 1
0.162523 1
0.398538 1
0.166960 1
0.368408 5
0.410465 5
0.032047 5
0.033377 5
0.032848 5
0.033735 5
0.033106 5
0.033211 5
0.033803 5
0.032628 5
0.033543 5
0.034678 1
0.034787 1
0.033825 1
0.210499 2
0.015440 152
0.003949 51
14.897199 1
0.161489 1
0.685290 1
0.158153 1
0.151151 1
0.337255 2
0.012870 900
26.062575 1
0.233201 1
0.546238 1
0.235584 1
0.049209 1
0.560175 1
0.398682 1
0.380487 1
0.081148 1
0.410729 1
0.165946 1
0.742285 1
0.188520 1
0.296176 1
0.124701 1
0.301677 1
0.286308 2
0.002312 51
10.534717 37
0.306104 2
0.012792 51
4.888571 1
0.142931 1
1.426023 1
0.269218 1
0.236807 1
0.087837 1
0.261299 3
1.055127 1
0.150305 1
0.122125 4
0.463077 2
0.006107 202
9.468629 1
0.317421 1
0.222175 1
0.336211 1
0.250372 1
0.109634 1
0.136541 1
1.062803 1
0.226153 1
0.085599 1
0.233662 1
0.654861 4
0.588191 1
0.022626 1
0.696678 4
0.213200 1
0.680166 1
0.152612 1
0.252876 4
0.926692 2
0.030769 51
23.899829 1
2.892759 1
0.595751 4
0.157858 4
0.156079 1
0.631777 1
0.099421 1
0.252252 1
0.116539 1
0.186742 1
0.262839 1
0.434036 1
0.293912 1
0.219915 1
0.088537 1
0.842878 1
0.384104 1
1.472429 2
0.003828 337
2.117853 12
0.294791 1
0.417490 1
0.030957 1
0.035477 1
0.033095 1
0.424804 15
0.189061 15
0.141717 15
0.141458 15
0.129958 15
0.139960 15
0.140138 15
3.791908 11
0.530050 11
0.131263 11
0.840084 3
0.420325 3
0.028336 3
0.033797 3
0.032909 3
0.032227 1
0.033948 1
0.032334 1
1.229860 1
0.245806 1
0.389493 4
0.034818 1
0.059619 1
0.736218 1
0.407569 1
0.232447 1
0.522624 1
0.052534 1
0.354376 1
0.121938 2
0.002125 46
3.458530 1
0.196181 2
0.006278 51
9.158081 1
0.128703 1
0.210343 1
0.646042 1
0.208775 1
0.095195 1
0.765181 1
0.140718 1
0.257442 2
0.002860 134
6.679945 1
0.275437 1
0.768459 1
0.375599 1
0.480156 1
0.115234 1
0.187965 1
0.577249 1
0.122316 1
0.095693 1
0.748964 1
0.118796 1
0.326516 1
0.256055 2
0.062889 51
3.161505 1
0.068314 1
2.396559 1
0.092387 1
0.430416 1
0.280714 1
0.184023 1
0.208577 1
0.257171 1
0.167286 1
2.221075 1
0.141926 1
0.318092 1
0.112029 1
0.316789 1
0.315773 1
0.095302 1
1.808541 1
0.283104 1
0.193005 1
0.083341 1
0.185621 1
0.263779 1
1.997723 1
0.134373 1
0.162620 1
0.149001 2
1.488426 1
0.048441 1
0.291743 1
0.205811 2
0.825449 1
0.197307 1
0.201643 4
0.380952 2
0.047913 45
0.092526 29
15.006239 51
41.547668 26
0.437228 2
0.010627 51
2.481591 1
0.165322 1
0.158969 1
0.241953 1
0.166682 1
0.074054 1
0.222496 3
0.370870 2
0.003029 202
24.201931 1
0.080991 1
0.773022 1
0.226076 1
0.078799 1
0.385805 1
0.217418 1
0.072391 1
0.189312 1
1.398344 1
0.122324 1
0.038531 1
0.198943 1
0.139377 1
1.978237 1
0.188711 1
1.083272 1
1.975916 1
0.420616 1
0.312540 1
0.428566 1
0.857890 2
0.051675 52
0.001544 52
0.008267 51
5.084087 1
0.147131 1
0.601695 1
0.318672 1
0.100926 1
0.260724 4
2.307907 1
0.067397 1
0.666853 1
0.172659 1
0.235908 1
1.455089 1
0.061921 1
0.055851 1
0.235007 1
0.142400 1
2.033839 1
0.274060 1
1.027310 1
0.367162 1
0.384887 1
0.304970 1
0.457628 1
0.476863 4
0.619830 1
2.741779 2
0.038430 44
0.004277 51
3.625920 1
0.088038 1
0.328833 1
0.327982 1
0.071476 1
0.288138 1
0.303598 1
0.060457 1
2.077266 1
0.161950 1
0.499160 1
1.713845 1
0.463450 1
0.203793 1
0.540975 1
1.409199 1
0.231115 1
0.109347 1
0.279370 1
1.763733 1
0.177380 1
0.378132 1
0.164297 1
1.261664 1
0.334049 1
0.705404 1
0.319075 1
2.433163 1
0.348545 1
0.163801 1
0.182132 1
0.172897 1
1.057590 4
0.161671 4
0.159897 4
0.172008 4
1.249271 1
0.212145 1
0.164484 1
0.124829 1
0.090797 1
0.389886 1
1.646188 1
0.163398 1
0.258001 1
1.148825 1
0.393288 2
0.008282 136
6.308830 38
0.291592 1
0.416194 1
0.027486 1
0.033810 1
0.034108 1
0.032163 1
0.033454 1
0.033192 1
0.034990 1
0.032303 1
0.034215 1
0.218616 1
0.795605 5
0.273571 5
0.300708 2
0.526345 36
0.020797 51
3.469830 1
0.402933 1
0.108898 1
0.136799 2
0.017863 344
0.002895 51
12.281586 3
0.183158 2
0.015690 344
0.003629 51
40.338970 1
0.130671 1
0.194061 1
0.815287 4
0.157943 1
0.267438 1
0.174161 2
0.002020 91
1.591422 4
0.117970 4
0.872326 1
0.292597 1
0.084619 2
0.004945 487
7.676095 1
0.186308 1
0.654658 1
0.118956 1
0.144503 1
0.305681 2
0.008477 1024
4.332981 5
0.627684 4
0.150857 4
0.167322 4
0.142510 4
0.170620 4
0.147450 1
0.473914 1
0.384064 1
0.089496 1
0.342324 1
0.444590 1
0.127048 1
0.487545 1
0.257801 1
0.178596 1
0.113300 1
0.336981 1
0.098065 1
0.863072 2
0.022910 51
21.212570 2
0.206818 1
0.705668 4
0.166903 4
0.164108 4
0.165456 1
0.755280 1
0.154678 1
0.539357 1
0.004883 1
0.215286 1
0.824359 1
0.061951 4
10.692435 1
0.172114 1
0.465428 1
1.170237 4
0.199693 4
0.174629 4
14.133404 1
0.797632 1
0.076165 1
0.221140 1
0.181266 1
3.184772 1
0.246359 5
2.185586 1
0.041728 1
0.304676 1
0.726979 2
0.347626 2
0.013924 69
1.408565 1
0.164569 2
0.026759 46
0.006515 51
1.443952 24
0.471035 4
0.383442 4
0.168941 4
0.161431 4
0.221443 4
1.469263 1
0.268453 1
0.093347 1
0.288688 1
0.133377 1
0.306451 2
0.014094 70
1.667069 1
0.374709 2
0.015720 47
0.009567 51
3.121833 1
0.706100 4
1.022676 1
0.412418 4
0.088417 1
0.191040 1
0.243506 1
0.795182 2
0.014667 126
0.002493 51
4.658748 1
0.161111 1
0.275620 1
0.065951 1
0.356561 1
0.418415 1
0.213852 1
0.070571 1
0.638121 1
1.200424 1
0.149514 1
0.048011 1
0.245270 1
0.154044 1
7.244581 4
0.201709 4
0.180153 4
0.171807 4
0.475743 4
3.303883 1
0.278545 1
0.122144 1
0.224345 1
0.138902 2
0.016280 44
0.004071 51
6.478089 1
0.055891 1
0.867435 1
0.045767 1
0.252454 1
0.841638 1
0.464789 1
0.078189 3
1.625498 1
0.107194 1
0.053029 1
0.216187 1
0.154608 1
0.763406 1
0.583302 1
0.075991 1
0.415977 2
0.019505 60
0.005610 51
9.483713 1
0.072974 1
0.553792 1
0.228928 1
0.060322 1
0.270724 1
0.421474 4
0.122149 1
0.746472 1
0.055504 1
0.819687 1
0.266163 1
0.066337 1
0.080943 1
0.441818 1
0.109255 1
0.924198 1
0.209215 1
0.436254 1
0.146063 2
0.039935 52
0.002624 51
2.939018 1
0.205819 1
0.251761 1
0.057417 1
0.289361 1
0.199634 1
0.053388 1
0.186192 1
2.298530 1
0.184426 1
0.433359 1
2.276168 1
0.174660 1
0.154587 1
0.905140 1
1.906895 1
0.266400 1
0.087229 1
0.073649 1
0.276872 1
0.159255 1
0.770692 1
0.548998 1
0.305347 1
0.372334 2
0.001226 85
3.100934 24
0.164446 1
0.416985 1
0.033522 1
0.034213 1
0.034141 1
0.033527 1
0.035185 1
0.033553 1
0.032949 1
0.032648 1
0.034876 1
0.034100 1
0.034378 1
0.033867 1
0.032904 1
0.033457 1
0.033557 1
0.032616 1
0.036275 1
0.031221 1
0.503361 1
0.225396 1
0.869957 5
0.129645 2
0.033037 47
0.010040 51
6.797526 1
0.063250 1
0.669898 1
0.224485 1
0.411105 1
0.264847 1
0.262562 1
0.102666 1
1.973233 1
0.193297 1
0.994839 1
0.266132 1
2.807629 1
0.083585 1
0.706391 1
0.269615 1
0.488322 1
0.147031 1
0.082582 1
1.423562 1
0.337526 1
1.775579 1
2.404672 1
0.170370 1
0.817939 1
0.168636 1
0.413578 1
1.312389 4
0.198153 1
4.252972 1
0.251173 1
0.109181 1
0.250069 1
1.252385 1
0.281180 1
0.099042 1
0.065124 1
0.264677 1
0.136673 1
3.096460 1
0.596874 1
0.166934 1
0.177942 1
0.204322 1
0.145123 1
0.569613 1
0.154750 2
0.036766 89
5.407396 1
0.346164 2
0.000452 50
0.003225 37
0.009740 51
4.234795 1
1.248389 1
1.394256 1
0.121899 1
0.939167 4
0.143420 4
0.138316 4
0.130213 4
0.108242 1
0.139628 1
0.688231 1
0.175099 1
1.509618 1
0.109912 1
1.207480 1
1.185657 1
0.222485 1
0.235716 2
1.989810 1
0.110990 1
0.056416 1
0.255099 1
0.199507 1
1.200950 1
0.236296 1
0.262849 1
0.861067 1
0.372519 1
0.165251 1
0.080944 2
1.925242 1
0.089911 1
0.357459 1
0.320982 1
0.219290 1
1.250071 3
0.403232 2
0.009841 626
0.048099 51
8.409856 1
0.049643 1
0.279809 1
0.448430 1
0.105836 1
0.326685 1
0.996740 1
0.093871 1
0.068941 1
0.230873 1
0.145575 1
1.880798 1
0.149327 1
0.236910 1
0.197302 1
0.226524 4
2.097706 1
0.074461 1
0.768179 1
0.144036 1
0.298746 4
1.895903 1
0.665995 1
0.383748 1
0.107042 1
0.161293 2
0.025487 51
0.977399 53
0.211279 53
10.601757 1
0.094862 1
0.140319 1
0.155608 1
0.292290 1
0.094929 2
0.003112 616
4.661817 1
0.325489 1
0.180842 1
0.825104 1
0.169451 1
0.427423 1
0.108956 1
1.247536 1
0.395794 4
0.193269 1
0.197214 1
1.053223 1
0.103128 1
1.350056 1
0.128732 1
0.293708 1
0.059283 1
0.231683 1
0.900120 4
0.154908 4
0.151017 4
0.321847 4
0.396957 1
0.250347 1
0.256141 1
0.071540 1
0.189139 1
0.190227 1
0.630821 1
0.223243 1
0.102131 1
1.467495 1
2.167635 1
0.517832 1
0.099758 1
0.818905 1
0.271385 1
0.134359 1
0.672783 1
0.039146 1
0.292249 1
0.361424 1
0.532657 1
0.274439 1
0.270337 1
3.519579 1
0.417959 1
0.026981 1
0.034638 1
0.033016 1
0.031987 1
0.034122 1
0.032683 1
0.033266 1
0.033151 1
0.034110 1
0.035007 1
0.033217 1
0.033940 1
0.032690 1
0.034796 1
0.032048 1
0.034765 1
0.032107 1
0.357603 1
0.168478 1
0.317247 1
0.162150 1
0.143473 1
0.397290 5
0.640276 1
0.409336 1
0.205773 1
0.208058 1
0.195839 1
0.345368 5
0.429863 1
0.317525 1
1.315907 3
0.414504 3
0.026436 3
0.033418 3
0.034670 3
0.034231 3
0.030199 3
0.036532 3
0.033013 3
0.033410 3
0.032485 3
0.034709 3
0.034277 3
0.033360 3
0.033537 3
0.033540 3
0.034530 3
0.031694 3
0.034403 3
0.032898 3
0.032106 3
0.036004 3
0.031886 3
0.032993 3
0.033994 1
3.593829 1
0.199292 1
0.093418 1
0.058730 1
1.249487 1
0.244353 1
0.539783 1
0.278404 1
2.380771 1
0.134446 1
1.088556 1
0.974151 1
0.191422 1
0.144457 1
0.326358 2
0.000931 37
0.001551 85
6.605295 1
0.160981 1
0.275816 1
0.240392 1
0.165218 1
0.268113 1
0.177917 1
0.207025 1
0.101762 1
0.791982 1
0.549720 1
0.069331 1
1.076665 1
0.273278 1
0.097925 1
0.445052 2
0.256730 31
0.050842 44
0.001171 29
0.002636 64
0.023525 37
0.297824 22
0.042969 51
1.464144 15
2.940950 1
7.037634 2
0.217848 31
0.048845 44
0.002520 29
0.001953 64
0.533147 116
0.010944 82
0.006305 61
0.007407 63
0.013640 159
0.012912 164
0.003720 108
0.007156 187
0.002263 97
0.004472 95
0.010880 422
0.018458 70
0.006913 110
0.007300 169
0.358886 36
0.337543 3019
35.436261 1
0.732605 2
0.010958 139
0.053681 29
0.000838 22
1.056693 16
1.269076 4
2.181580 1
0.126326 1
0.318168 1
0.170760 1
0.935426 4
0.309921 1
0.233433 2
0.206534 31
0.046489 137
0.246791 116
0.031160 82
0.197725 31
0.006739 60
0.444041 36
0.299175 25
0.001500 1363
3.291294 1
0.177496 2
0.002161 23
0.274248 198
0.043058 198
0.009793 394
0.007960 27
0.019277 26
0.107281 49
0.063863 195
0.017002 3120
0.004939 975
0.004477 585
0.001561 195
0.000917 198
0.050544 1365
0.016151 975
0.014518 1365
0.001333 195
0.002779 195
0.001571 195
0.002587 198
0.018795 198
0.012098 198
0.250462 446
0.071754 51
1.741625 19
0.325739 8
0.403606 4
0.362321 60
1.381995 2
0.007223 92
0.002010 98
0.002717 34
0.000622 133
0.002580 38
0.020075 58
0.136891 325
0.028121 526
0.010757 33
0.391345 38
0.012840 97
0.140610 43
20.491935 28
0.000791 173
0.218858 87
0.005814 51
9.667870 1
0.140816 1
0.293332 1
0.730660 1
0.546167 1
0.893797 1
0.088463 1
0.234025 2
0.016085 15
0.001081 1879
35.631306 74
1.222398 2
0.025643 29
0.001070 22
2.978941 1
0.204653 1
0.438954 1
0.269814 1
0.796318 1
0.632838 1
0.451143 1
0.252638 1
0.903103 1
0.313570 2
0.002545 125
4.065575 9
1.140024 4
0.452274 1
0.687891 1
0.187945 1
0.169772 1
0.175283 1
0.309292 2
0.001661 623
13.871678 13
0.563823 4
0.184685 4
0.146396 4
0.153163 4
0.156463 4
0.166238 4
1.721679 1
0.605368 1
0.198120 1
0.113297 1
0.308821 1
2.290344 2
0.106187 17
0.000472 24
17.208383 1
0.085229 1
1.239163 4
0.167777 4
0.469349 1
0.187647 1
0.184857 2
0.006937 15
0.001668 1884
3.356430 1
0.105178 1
0.124721 1
0.526897 1
0.116483 1
0.277226 2
0.003500 332
34.567227 38
0.460707 2
0.231663 40
0.096598 57
0.021875 64
0.687181 6
0.000535 17
0.000432 16
12.114672 116
1.306549 2
0.126907 96
0.547184 94
0.030152 97
0.002900 96
0.022134 95
0.010587 92
0.010084 105
0.040952 98
0.141989 94
0.029353 95
0.006578 92
0.008743 105
0.010841 98
0.120458 32
0.012085 39
0.015905 32
0.412095 30
0.134190 44
0.003550 52
0.003240 33
0.117756 42
1.793183 24
9.075357 31
0.107274 44
0.003014 34
0.003051 53
0.066600 32
0.012371 40
0.018614 36
0.021557 38
0.026160 49
0.368596 42
0.036698 39
0.028020 35
0.478249 36
0.006361 32
0.093303 34
0.043334 36
0.080928 32
0.126971 60
0.357510 65
0.025986 43
0.913909 47
0.038811 27
0.253610 32
0.003824 25
0.163968 30
0.003603 56
0.014622 46
0.003607 47
0.007540 29
6.948357 34
5.499304 89
0.092009 40
11.976845 1
0.126575 1
2.358670 1
2.945549 1
0.132581 1
0.689663 1
0.995851 4
0.178744 4
0.489152 4
0.172348 4
0.163589 4
0.157220 1
0.524398 1
0.084614 1
0.298602 1
0.416260 1
4.050958 4
0.423341 4
0.024285 4
0.034021 4
0.035813 1
0.033546 1
0.034225 1
0.033315 1
0.036278 1
0.032620 1
1.353877 1
0.120657 1
0.157108 1
0.478920 1
0.136922 1
0.998474 1
0.345620 1
0.261963 1
0.697330 4
0.156490 4
0.421180 4
0.026905 4
0.034173 4
0.033611 4
0.033845 4
0.033511 1
0.032984 1
0.034968 1
0.032643 1
0.034443 1
0.033011 1
0.033163 1
0.895887 1
0.086414 1
0.129045 1
0.185758 1
0.325093 1
0.185943 2
0.005725 320
0.000861 19
3.417663 1
0.124298 1
0.136411 1
0.464488 1
0.195915 1
0.399548 4
0.064460 1
0.969230 1
0.513107 1
0.408686 1
0.162242 1
0.164430 1
0.738369 1
3.443703 1
0.351774 1
0.214681 1
0.540363 1
0.553021 1
1.439174 1
0.795589 1
0.181792 1
0.185905 1
0.256002 1
1.561535 1
0.135855 1
0.404767 1
0.159815 1
0.267325 2
0.001312 71
2.441242 25
0.172231 1
0.421579 1
0.027140 1
0.036304 1
0.031532 1
0.034426 1
0.032364 1
0.034878 1
0.033032 1
0.032578 1
0.033262 1
0.035547 1
0.033683 1
0.034776 1
0.032686 1
0.034015 1
0.034117 1
0.033287 1
0.034089 1
0.190699 1
0.205201 1
0.206079 47
0.176452 47
0.149812 47
0.164844 84
0.709067 43
0.117355 43
0.299118 2
0.009371 93
0.000548 581
3.218629 2
0.416379 2
0.022958 2
0.038140 2
0.033437 2
0.033121 2
0.031712 2
0.035152 2
0.035023 2
0.032570 2
0.034695 2
0.032754 2
0.032853 2
0.033484 2
0.034267 2
0.030747 2
0.032707 2
0.032918 2
0.033676 2
0.032863 2
0.037147 2
0.032620 2
0.033713 2
0.032735 2
0.034226 2
0.032530 2
0.032105 2
0.035162 91
0.031803 48
0.033755 83
0.916966 86
0.416160 69
0.024869 70
0.035263 74
0.034571 67
0.031451 51
0.034727 48
0.033954 71
0.035580 79
0.346052 72
0.410676 69
0.029160 51
0.036742 50
0.034418 48
0.031882 70
0.370955 93
0.408761 65
0.035181 53
0.038848 63
0.026717 63
0.034482 67
0.032518 59
0.034626 59
0.032763 67
0.404955 68
0.409967 51
0.033864 50
0.037023 48
0.030149 72
0.034409 91
0.032505 71
0.033500 62
0.032403 116
0.034587 63
0.033673 53
0.031161 62
1.057592 51
0.414257 82
0.030932 48
0.037015 83
0.031229 68
0.032998 68
0.035233 81
0.032897 48
1.089724 83
0.415489 83
0.024816 74
0.037020 84
0.030896 70
0.034121 66
0.032435 87
0.033827 51
0.032879 51
0.033835 81
2.685866 48
0.415717 83
0.029141 296
0.034826 65
0.032220 74
0.033208 66
0.032919 72
0.034652 65
0.033137 76
0.033563 103
10.125755 208
0.422555 57
0.024092 132
0.035555 53
0.033585 256
18.935564 1258
56.581032 106
0.532657 50
0.405779 220
0.141442 81
0.068733 48
0.463554 87
0.068236 85
0.179955 48
1.157716 90
0.094936 88
0.045173 48
0.052936 87
0.082135 85
0.358582 91
0.008267 2
0.032020 126
0.020975 125
0.351977 78
0.013927 82
0.016683 48
0.007662 84
0.028580 96
0.308206 86
0.015515 114
0.011713 75
0.019591 51
0.028113 291
6.568479 1
0.692796 26
1.293561 1
0.186344 91
6.568830 57
3.313241 1
0.146652 1
0.259773 1
0.193960 1
1.113986 1
0.191273 1
0.046996 1
0.434066 4
0.135177 4
0.423032 4
0.024328 4
0.036118 4
0.033164 4
0.034794 4
0.035025 1
0.032142 1
0.033493 1
0.033794 1
0.028727 1
0.051486 1
1.431231 1
0.303682 1
0.196575 1
0.144507 1
0.224541 2
0.230182 83
0.002276 28
0.000497 25
44.790870 29
2.118415 11
0.732947 2
2.433439 53
0.066043 20
0.000463 27
1.841248 5
1.172502 2
0.021435 894
25.226263 1
0.103886 1
0.132512 1
0.198023 1
0.235914 1
0.143125 2
0.005555 479
151.482829 1
0.049145 1
0.712361 1
0.235811 1
0.053432 1
1.481256 4
0.416069 4
0.032370 4
0.034193 4
0.057225 4
0.012543 1
0.031795 1
0.033192 1
0.036784 1
0.031580 1
0.034563 1
0.032038 1
0.446283 1
0.216408 1
0.303076 1
0.241041 1
0.397830 4
0.240518 1
0.284005 1
0.170661 1
0.122056 1
0.374675 2
0.085433 59
1.393142 1
0.088620 1
0.566055 1
0.242957 1
0.039889 1
0.529219 4
1.977349 1
0.324423 1
0.079510 1
0.282785 1
0.184053 1
2.483018 1
0.201820 1
0.078991 1
0.374582 2
0.027399 41
0.001855 51
5.086380 17
0.412498 1
0.645281 1
0.310356 1
0.346465 4
0.027385 1
0.219903 2
0.021780 41
0.001941 51
25.514330 1
0.740738 1
0.127200 1
0.207232 1
0.356587 1
0.771332 4
0.320554 4
0.701063 1
0.845683 1
0.201262 1
0.438796 1
0.447556 1
0.329631 2
0.004121 705
75.769808 1
0.654512 1
0.144410 1
0.208095 1
1.077349 4
0.200632 1
0.375942 1
0.142796 1
0.286313 1
0.651028 1
0.037985 1
0.367294 1
0.148121 1
2.789184 1
0.240908 1
0.101726 1
0.462761 2
0.001959 180
9.958219 1
0.146718 1
0.421751 1
0.078516 1
0.319735 2
0.000379 713
7.705838 1
0.309525 2
0.000329 413
56.376544 1
0.237015 72
4.746217 1
0.152897 352
3.136104 1
0.143044 33
2.842949 1
0.135130 582
3.718867 30
1.925305 31
1.043620 30
1.127763 1
0.379451 53
3.393757 1
0.590864 1
0.626934 1
0.126967 1
0.418501 1
0.346985 2
0.010431 906
10.029304 1
0.358124 1
0.152666 1
1.291138 1
0.139319 1
5.572907 1
1.050638 1
0.199357 1
0.111285 1
1.432297 4
0.143208 4
0.171037 4
0.169356 4
0.150213 4
0.328161 1
0.118657 1
0.048258 1
0.261732 1
0.176282 1
0.583277 1
0.317327 1
0.098331 1
0.190034 2
0.001573 98
2.537520 12
0.189928 1
0.421452 1
0.029175 1
0.031894 1
0.035055 1
0.032857 1
0.033470 1
0.034457 1
0.032500 1
0.728809 3
0.879030 17
0.126890 17
0.239159 2
0.001824 180
5.178702 1
0.382017 2
0.000408 70
1.659499 1
0.270150 2
0.000384 41
0.007649 45
0.001232 16
0.009475 51
9.796323 1
0.105718 1
0.719482 1
0.210429 1
0.144869 1
0.314181 2
0.007234 852
22.159310 5
0.232643 19
0.288743 22
0.407336 21
0.345921 19
0.649481 13
0.234038 28
1.908444 4
0.371534 4
0.599749 4
0.277140 2
0.035509 75
4.999261 1
0.133257 39
0.003895 52
0.005816 51
30.276188 1
0.235553 1
0.714726 1
0.248897 1
0.113527 1
0.257919 1
11.224084 3
18.526772 10
0.509480 1
0.449001 1
0.190489 1
0.082662 1
0.237013 1
0.244190 1
0.552063 1
0.234517 1
0.073616 1
0.247146 2
0.050434 50
0.004672 51
9.074803 53
1.264449 2
0.057117 89
5.303233 1
0.253448 2
0.000570 53
0.006159 38
0.007136 51
2.210660 53
5.510534 1
1.449504 1
0.599593 1
0.121127 1
1.613319 1
0.391529 1
0.231646 1
0.110237 1
1.309117 1
0.249284 1
0.088774 1
0.059560 1
0.230729 1
0.149849 1
2.024724 1
0.128827 1
0.209572 1
0.446902 8
2.141412 1
0.253580 1
0.109465 1
0.257906 6
2.194078 2
0.013650 628
0.026491 51
4.126989 1
0.065911 1
0.926122 1
1.620722 1
0.073554 1
1.325807 1
0.236951 1
0.105896 1
0.047988 1
0.235972 1
0.134728 1
1.780725 1
0.222332 1
0.297061 1
0.138401 8
1.902682 1
0.200239 1
0.112802 1
0.389289 4
0.232506 4
0.401455 1
0.161941 1
0.080050 7
1.838751 1
0.562175 1
0.183715 1
0.195397 1
0.351856 2
0.021601 51
9.449332 56
1.230506 2
0.006667 1931
0.001863 98
0.002200 124
0.000582 51
59.371061 56
0.899119 1
0.411213 1
0.033804 1
0.034232 1
0.032413 1
0.032389 1
0.034091 1
0.033511 1
0.033585 1
0.032116 1
0.034471 1
0.033697 1
0.034306 1
0.032117 1
0.034544 1
0.032138 1
0.033909 1
0.033054 1
0.032903 1
0.033829 1
0.033230 1
0.033430 1
0.031928 1
0.033884 1
0.033653 1
0.033166 1
0.033559 1
0.033650 1
0.031717 1
0.035018 1
0.032923 1
0.033554 1
0.033663 1
0.032789 1
0.411143 1
0.604565 5
0.239555 5
0.443571 3
0.414075 3
0.031540 3
0.029911 3
0.199729 3
0.178654 3
0.170101 3
0.183995 3
1.122684 5
0.894062 5
0.594517 2
0.002358 98
0.004343 259
0.002030 38
0.009525 58
0.124501 118
0.016936 207
0.043839 546
0.009773 33
0.323668 38
0.011882 97
0.160640 43
27.604096 28
0.002281 173
0.153707 50
0.001829 37
0.002728 29
0.000436 22
22.389180 74
1.748270 2
0.035186 51
5.865867 1
0.171761 1
0.335234 1
0.213411 1
0.161483 1
0.127125 1
0.534746 1
0.245784 1
0.597615 1
0.371172 1
0.066483 1
0.733062 2
0.095684 17
0.000338 24
8.182292 38
1.722554 2
0.233609 40
0.100695 57
0.024934 64
0.903499 39
16.167227 116
0.957842 2
0.108932 96
0.598305 94
0.030474 97
0.002846 96
0.022181 95
0.009778 92
0.009782 105
0.038969 98
0.134735 94
0.029495 95
0.006942 92
0.008110 105
0.011197 98
0.111602 32
0.010881 39
0.015658 32
0.298205 30
0.170710 44
0.003371 52
0.003289 33
0.118731 42
1.766996 24
9.070831 31
0.108375 44
0.003188 34
0.002942 53
0.069824 32
0.012865 40
0.019076 36
0.020742 38
0.024232 49
0.332241 42
0.028281 39
0.028320 35
0.446707 36
0.007008 32
0.078450 34
0.035300 36
0.073615 32
0.133345 60
0.349472 65
0.021715 43
0.887352 47
0.024701 27
0.156115 32
0.004334 25
0.212550 30
0.003532 56
0.013930 46
0.003678 47
0.006843 29
7.049839 34
5.765418 89
0.090386 40
18.748124 1
0.115609 1
0.615588 1
0.139785 1
0.164846 1
0.339279 2
0.021265 881
0.000557 19
21.679657 1
0.640491 1
0.025344 1
1.141361 4
0.378377 4
0.914026 1
0.093565 1
0.271003 2
0.022968 196
0.002969 40
4.821010 1
0.162442 1
0.231617 1
0.097369 1
0.428292 1
0.418776 1
0.205562 1
0.120962 1
1.111779 1
0.915831 1
0.204103 1
0.252867 1
0.147221 1
0.358887 2
0.010746 86
13.570816 1
0.677532 73
4.996623 1
0.677640 2
0.080135 48
0.007554 44
0.004448 40
2.572709 1
0.081164 1
0.799312 4
0.271587 4
0.206015 1
3.384966 1
0.148670 1
0.540296 1
0.194240 2
0.013539 147
0.002272 40
10.734081 1
0.136727 1
0.537375 1
0.320462 1
0.164966 1
0.386668 2
0.006192 448
9.864657 1
0.097883 1
0.742522 1
0.313994 1
0.068890 1
3.422785 4
0.417208 4
0.025607 4
0.033039 4
0.037110 4
0.031574 1
0.033588 1
0.033672 1
0.033152 1
0.033474 1
0.033091 1
0.032983 1
0.032149 1
0.035713 1
1.856447 1
0.268079 1
0.290876 1
0.443362 4
0.433990 1
0.301243 1
0.107443 1
1.344611 1
0.316546 1
0.064044 1
0.259713 1
2.158190 1
0.186297 1
0.435454 1
0.270771 1
0.234239 1
0.134052 1
0.161049 1
0.413765 4
0.275485 1
1.540610 1
0.092812 1
0.077154 1
0.385760 1
0.783335 4
0.043794 1
0.767380 1
1.192470 1
0.234620 1
1.096772 1
0.396300 1
0.986358 1
1.441651 1
0.906452 1
1.164273 2
0.042165 46
0.016977 40
3.916868 1
0.141682 1
0.877653 1
0.224286 1
0.045141 1
0.262368 1
0.532522 1
0.055892 1
1.656265 1
0.619087 1
0.607329 1
0.341623 4
0.156934 4
0.563003 1
0.967287 1
0.132770 1
0.722372 4
0.358818 1
0.280220 1
0.095226 1
0.563544 1
2.025685 1
0.296786 1
0.322637 1
0.097510 1
1.762139 1
0.399934 1
0.543271 1
0.134656 1
0.513696 1
0.140374 1
1.148108 1
0.276789 1
0.212793 1
0.127428 1
0.637792 1
1.033069 1
0.269867 1
0.359003 4
1.943928 4
0.083954 1
0.174295 1
0.358851 1
0.254968 1
0.237060 1
0.271057 1
0.340439 2
0.011595 55
0.254671 36
0.008388 40
18.150252 1
1.253699 1
0.540610 1
0.085295 1
2.337305 1
0.164368 1
0.292615 1
0.409796 1
0.983876 1
1.702160 1
0.558906 1
0.158089 1
0.030341 1
0.212391 1
3.264845 1
0.604931 4
0.756700 1
1.087462 1
0.166116 1
0.614998 1
0.186648 1
0.470774 3
2.025487 1
0.270506 1
0.299299 1
1.441481 1
0.246597 1
0.134453 1
0.268355 1
0.489987 2
0.005036 29
0.018754 597
0.000668 71
0.000784 6
0.126252 48
29.108499 20
6.719236 4
0.414724 4
0.026388 4
0.033904 4
0.034082 4
0.032977 4
0.032582 4
0.035517 4
0.032413 4
0.032606 4
0.033172 4
0.033104 4
0.034091 4
0.034151 4
0.032012 4
0.033132 4
0.033609 4
0.033521 4
0.033124 4
0.032317 4
0.034480 1
0.033617 1
0.034171 1
0.032567 1
0.033783 1
0.033399 1
0.032494 1
0.756743 1
0.093562 1
0.348172 1
0.253977 1
0.091243 1
0.156860 1
1.707194 1
0.114428 1
0.064654 1
0.210541 1
0.178480 1
1.192854 1
0.155737 1
0.250998 1
2.884369 1
0.370363 1
0.248522 1
0.132021 1
0.869073 1
2.391128 1
0.094324 1
0.486862 1
0.390448 1
0.124087 1
0.175585 1
0.117444 1
0.375913 1
0.485398 1
0.161410 1
0.090522 1
0.227510 2
0.003969 97
4.749025 29
0.236115 1
0.416064 1
0.025909 1
0.035503 1
0.033127 1
0.192730 1
0.168283 1
0.663374 5
0.114506 5
0.639859 5
0.136498 5
0.347716 2
0.041480 40
3.107272 20
0.631913 2
2.110815 40
12.198551 42
0.646108 2
0.006826 40
14.962893 1
0.456913 1
1.046217 1
0.222297 1
0.230524 1
0.118063 1
0.145254 1
0.633040 1
0.316368 1
0.185706 1
0.135991 1
0.285894 2
0.115053 40
1.854896 1
0.116556 1
0.310556 1
0.208351 1
0.126720 1
0.165385 1
0.724770 1
0.929745 1
0.071782 1
0.273757 1
0.243745 1
0.923312 1
0.172906 1
0.285849 1
1.079353 1
0.074941 1
0.216721 1
0.545704 1
1.254950 1
0.152197 1
0.328658 1
0.416076 1
0.092088 1
0.159079 1
5.196964 1
0.183198 1
0.709890 1
0.632988 1
0.110163 1
0.214842 2
0.040578 21
0.001677 19
40.868356 82
1.841029 1
0.414463 1
0.026266 1
0.035209 1
0.031946 1
0.032833 1
0.033162 1
0.034638 1
0.033521 1
0.034315 1
0.031967 1
0.035438 1
0.033877 1
0.034963 1
0.033165 1
0.033528 1
0.032758 1
0.033226 1
0.033550 1
0.032845 1
0.033013 1
0.033185 1
0.033599 1
0.034668 1
0.032971 1
0.033291 1
0.033317 1
0.034075 1
0.031469 1
0.034622 1
0.033239 1
0.032778 1
0.033752 1
0.032214 1
0.033074 1
0.034201 1
0.249561 1
0.416249 1
0.029541 1
0.035048 1
0.028675 1
0.033736 1
0.031980 1
0.036875 1
0.029509 1
0.032433 1
0.034358 1
0.036036 1
0.030215 1
0.034475 1
0.034953 1
6.907591 2
0.073115 40
3.479326 82
0.579680 4
0.418474 4
0.026180 4
0.036768 4
0.030996 4
0.032948 4
0.033612 4
0.032500 4
0.034630 4
0.034964 4
0.034539 4
0.159439 4
0.188769 4
0.289832 4
0.387629 2
0.018153 108
10.082862 68
0.466314 4
0.552800 4
0.420668 4
0.031948 4
0.031058 4
0.035739 4
0.030658 4
0.033325 4
0.033326 4
0.033156 4
0.032833 4
0.033286 4
0.032544 4
0.035279 4
0.032806 4
0.034064 4
0.032526 4
0.033563 4
0.031741 4
0.033776 4
0.034129 4
0.034431 4
0.032517 4
0.031415 4
0.035017 4
0.031502 4
0.034929 4
0.032500 4
0.034148 4
0.032640 4
0.033769 4
0.033662 4
0.032732 4
0.033250 4
0.033516 4
0.035058 4
0.031229 4
0.035030 4
0.032522 4
0.034867 4
0.033747 4
0.034919 4
0.034301 4
0.420266 4
0.609117 1
0.419146 1
0.028505 1
0.032357 1
0.033818 1
0.032380 1
0.034050 1
0.033967 1
0.033544 1
0.032741 1
0.034985 1
0.032881 1
0.034834 1
0.030164 1
0.032123 1
0.366575 1
0.170012 1
1.222605 5
0.195599 5
0.598951 2
0.002712 40
9.947132 22
0.651429 1
0.421044 1
0.027849 1
0.038618 1
0.028777 1
0.033268 1
0.031893 1
0.034438 1
0.033293 1
0.032969 1
0.033349 1
0.032813 1
0.034010 1
0.033311 1
0.250214 1
0.194967 1
0.259385 1
0.194707 5
0.175550 5
0.390360 5
0.165083 5
0.180039 5
0.290963 2
0.014612 144
27.236263 1
0.122564 1
0.447783 1
0.208668 1
0.155919 1
0.105954 1
0.789306 2
0.010244 78
3.984282 6
0.007678 51
0.874910 1
0.068732 1
0.276275 1
0.207785 1
0.155796 1
0.093849 1
0.656903 2
0.289578 83
0.001324 28
0.000232 25
22.969291 11
0.204705 2
77.148838 28
0.000331 25
3.219135 11
0.164125 2
52.586260 2
0.001371 28
0.000067 25
3.836207 1
0.368186 1
0.169220 1
0.130063 1
0.241228 2
0.000080 6
