0.099646 28
0.000413 25
3.836291 1
0.096861 1
0.255480 1
0.650155 1
1.830193 1
0.060199 1
0.917315 1
0.615572 4
0.176207 4
0.386404 1
0.135260 1
0.240061 10
0.730062 2
0.001300 2500
0.000288 28
0.000217 25
0.986756 16
0.416394 24
0.024897 19
0.537267 23
9.191842 4
0.413580 4
0.027579 4
0.032853 4
0.035935 4
0.032193 1
0.034006 1
0.035118 1
0.033579 1
0.034239 1
0.957373 1
0.118994 1
0.248635 1
1.407809 1
0.107129 1
0.166894 1
0.195743 1
0.184845 1
0.223160 1
0.424918 1
0.254956 2
1.058870 67
0.217791 53
2.524430 33
1.208666 12
0.000074 21
1.007525 12
0.000081 21
1.814882 12
0.000111 21
0.880949 12
0.131669 63
0.208610 82
0.791013 85
0.467751 70
0.067992 75
0.000338 35
0.082311 40
0.119887 58
0.421039 60
0.774599 34
0.345778 80
0.351447 48
0.000527 42
0.000257 49
31.521908 168
1.367464 80
0.590432 76
0.614566 86
1.564267 46
0.037625 58
0.163808 468
0.002019 40
3.048643 73
2.401423 50
0.631420 43
0.380716 53
0.050231 51
0.884474 51
0.000245 51
0.000118 54
17.235912 46
0.000215 53
0.000165 82
0.063247 81
0.000144 81
0.023496 109
0.470123 87
0.008637 102
0.008759 53
0.000098 105
0.000101 81
0.694561 58
0.190948 24
0.000273 45
0.003903 24
0.000251 104
0.000325 103
0.000126 104
0.000091 35
0.000136 103
0.000079 103
0.000075 103
0.000116 103
0.000075 52
0.000077 103
0.000148 103
0.000067 24
0.000074 43
0.000073 104
0.000173 67
0.000061 24
0.000074 50
0.000067 45
0.000159 45
0.576930 108
0.000342 179
1.684874 84
0.027887 104
0.000522 99
0.000168 88
0.020039 53
0.000187 106
0.000178 87
0.000128 93
0.000128 75
0.023525 49
0.140707 48
0.092455 50
0.000192 43
0.120837 103
0.144472 103
0.289770 103
0.123232 103
0.048572 103
0.034003 103
0.009021 103
0.008491 103
0.005968 103
0.007700 103
0.007206 103
0.193441 103
0.000153 24
0.000209 34
0.000126 89
0.000125 95
0.000162 24
0.000119 45
0.000118 103
0.000199 24
0.000126 33
0.131993 28
0.000113 25
40.937160 1
0.112234 1
0.114358 1
0.341345 1
0.128003 1
0.271162 1
0.107145 1
0.134566 1
0.622560 1
0.159446 1
0.306005 1
0.172832 2
2.531288 20
0.000389 27
6.558800 1
0.545660 1
1.019821 1
0.034925 1
0.125443 1
0.417956 2
0.010334 285
4.794891 1
0.272032 1
0.202401 1
0.330844 2
0.001900 70
5.045501 1
0.043163 1
0.536088 1
0.275335 1
0.063757 1
0.260453 1
0.183388 1
0.087233 1
0.292106 2
0.001107 75
2.212741 1
0.099227 1
0.290264 1
0.275692 1
0.570909 1
0.228453 1
1.745356 1
0.345738 1
0.096573 1
0.239481 1
0.145106 1
0.148667 1
0.679728 1
0.325690 1
0.133190 1
0.285805 1
0.240451 1
1.144812 1
0.271691 1
0.089548 1
0.464223 1
0.275870 1
0.243483 1
0.366004 1
0.357328 2
0.231485 31
0.066275 85
1.600721 1
0.157279 1
1.042018 1
0.144784 1
0.174732 1
0.444709 1
0.198525 1
0.138339 1
0.830529 2
0.070471 41
4.339846 1
0.055293 1
0.565490 1
0.287164 1
0.307598 1
0.296476 1
0.090581 1
0.963163 1
0.157251 1
0.170182 1
0.147635 1
0.519033 4
0.702963 1
0.147753 1
0.984676 1
0.460490 1
0.091827 1
0.321569 1
0.222094 1
3.083827 1
0.319731 1
0.088093 1
0.438471 1
0.317022 1
0.576293 1
0.078193 1
0.478948 4
0.544969 1
0.252622 2
0.133103 31
0.055412 44
0.001928 29
0.004171 61
0.256405 120
0.044816 107
0.221364 119
0.001217 2
0.004794 105
0.002157 114
0.007793 105
0.009082 554
0.020715 518
0.003029 111
0.015327 615
0.349727 36
0.270897 25
0.001992 2087
3.539417 1
0.085061 2
0.008936 65
0.438604 133
0.135716 134
0.003907 134
0.038733 134
0.005401 134
0.027260 134
0.006319 134
0.108873 133
0.066660 134
0.314283 133
0.233291 134
0.235957 133
0.271581 134
0.066748 133
0.319969 133
0.331704 133
0.314795 133
0.364216 133
0.333196 133
0.319989 133
0.139063 134
0.039869 266
0.027817 27
0.146680 26
0.078883 49
0.072077 131
0.009335 527
0.241632 131
0.019756 786
0.008826 396
0.057813 1179
0.006274 262
0.005722 527
0.038087 527
0.030033 658
0.269922 393
0.017224 393
0.017143 655
0.016648 393
0.016677 786
0.016366 786
0.017042 1048
0.017225 524
0.017244 1179
0.016996 786
0.001038 134
0.031968 131
0.029602 786
0.016475 655
0.019330 917
0.008252 262
0.020687 262
0.001749 134
0.029246 1441
0.007637 1179
0.005861 658
0.056152 655
0.020045 917
0.016559 1179
0.003991 265
0.030486 393
0.016531 393
0.036569 524
0.000019 655
0.016423 524
0.016811 655
0.016248 917
0.016518 917
0.016282 393
0.021327 786
0.020361 393
0.011354 131
0.014505 131
0.017016 131
0.001631 134
0.576684 134
0.032172 134
0.035785 134
0.009588 134
0.010260 134
0.004737 134
0.010090 134
0.006997 134
0.003039 134
0.009265 134
0.004685 134
0.009688 134
0.005050 268
0.210433 739
0.069898 33
1.635003 1
0.640781 1
0.198641 1
0.579806 4
0.122647 1
0.244903 1
0.044769 1
0.247569 1
0.099343 1
0.097656 1
0.161519 1
0.488503 1
0.110459 1
0.060305 1
0.208020 1
1.727594 1
1.209096 1
0.259161 1
0.292104 1
0.160977 2
0.068523 52
0.005990 33
1.054002 1
0.137090 1
1.848669 1
0.121856 1
0.158758 1
0.291872 2
0.007961 279
17.173735 1
0.168980 1
1.228340 1
0.286227 1
0.051597 1
0.345240 1
0.958979 1
0.205293 1
0.304118 1
0.405695 4
0.166357 4
0.029315 1
1.046306 1
2.167335 1
0.182216 1
0.387940 1
0.209769 1
0.153461 1
0.101888 1
0.348005 1
0.408560 1
0.084171 1
0.059565 1
0.213822 1
0.131204 1
0.655716 1
0.339109 1
0.235351 1
0.241564 2
0.031506 46
0.011728 17
0.000920 16
2.541383 1
0.290243 1
0.778172 1
0.692479 1
0.051714 1
0.281202 1
0.238904 1
0.135905 1
0.427204 1
2.723499 1
0.067038 1
0.395878 1
0.319852 1
0.137692 1
0.126554 1
2.603731 1
0.141546 1
0.142884 1
0.137229 1
0.146739 1
0.513100 1
0.721209 13
0.404491 13
0.240589 13
0.223195 3
0.423183 3
0.023424 3
0.037164 3
0.033703 3
0.035880 3
0.031070 1
0.033957 1
0.032205 1
0.294410 1
1.587134 1
1.631124 1
0.170366 1
0.273121 1
0.148062 1
0.559279 1
0.353721 1
0.297244 1
0.219762 1
0.153492 1
0.325717 4
0.155678 4
0.135653 4
0.214928 4
0.499106 1
0.244907 1
0.385089 1
0.189081 1
1.573147 1
0.503587 1
0.122438 1
0.205035 1
0.405626 13
0.744353 9
0.447609 3
0.417260 3
0.026892 3
0.033594 3
0.034613 1
0.034156 1
1.868770 1
1.535014 1
0.202857 1
0.212093 1
0.217572 1
0.135833 1
0.070921 1
0.574826 2
0.081093 36
0.010850 33
2.828720 1
0.100840 1
0.432959 1
0.173935 1
0.067947 1
0.334395 2
0.005111 388
5.255146 1
0.127154 1
0.545526 1
0.095415 1
1.829534 1
0.210187 1
0.307960 1
0.102139 1
0.194951 1
2.417727 1
0.076430 1
0.069231 1
0.193754 1
0.144009 1
0.570917 4
0.961953 1
0.132399 1
0.189386 1
0.381586 1
0.570873 1
0.189116 4
1.160868 1
0.243828 1
0.184887 5
0.624396 2
0.008925 626
0.046421 33
4.435185 1
0.038260 1
1.076678 1
0.305097 1
0.080754 1
1.882191 1
0.247029 1
0.078831 1
0.059074 1
0.448174 1
0.238230 1
1.403630 1
0.196770 1
0.223630 1
0.193499 1
0.156204 1
0.105772 1
1.130828 1
0.362366 1
0.292855 1
0.242382 1
0.219010 1
0.158240 1
0.074834 1
0.193885 1
0.502961 1
0.486418 1
0.154479 1
0.101094 1
0.256373 2
0.028159 33
8.650265 1
0.366846 1
0.075427 1
0.487057 1
0.267429 1
0.667065 1
0.503038 1
0.480288 1
0.204580 1
0.335576 1
0.124562 1
2.668554 1
0.167364 1
0.366652 1
0.666083 1
0.049084 1
0.198078 1
0.160280 1
0.709992 1
0.290982 1
0.129102 1
2.652716 1
0.217044 1
2.979058 1
0.722855 1
0.247994 1
0.074109 1
0.754202 1
0.044652 1
0.344276 1
0.376681 1
0.193215 1
0.128017 1
0.101248 1
1.740315 1
0.197841 1
0.300602 1
0.838392 4
0.399760 1
0.135845 1
0.339494 1
0.353841 1
0.936678 1
0.528553 1
0.150494 1
0.079293 1
4.761896 2
0.005755 98
0.004410 259
0.021399 58
0.000435 38
0.130597 118
0.016943 207
0.020831 526
0.010171 33
0.302071 38
0.012687 97
0.140006 43
20.473084 28
0.002042 173
0.194825 120
21.753755 74
1.141593 2
0.039191 17
0.000280 16
1.922521 1
0.221042 1
0.367659 4
0.122365 1
0.303870 1
0.201077 1
0.137939 1
0.129137 1
0.187098 1
0.263645 1
0.348126 1
0.161303 1
0.107171 1
0.200743 2
0.109949 17
0.000553 24
2.771336 1
0.187350 1
0.256406 1
0.328380 1
1.872658 1
0.337667 1
0.405422 1
0.153194 1
1.373193 1
0.137817 1
0.263004 1
0.250773 1
0.243210 1
0.050071 1
0.101281 1
1.804706 1
0.318830 1
0.141033 1
2.066073 1
1.577902 1
0.229532 1
0.151656 1
0.086767 1
0.720555 1
1.041707 1
0.307367 1
0.121261 1
0.348211 4
0.295405 1
0.607819 1
0.305951 1
1.286432 1
1.195554 1
0.246241 1
0.235492 3
1.117730 1
0.159734 1
0.466448 3
1.089263 2
0.242521 40
0.160831 57
0.021503 64
1.054689 6
0.000564 33
10.408483 116
1.448676 2
0.124953 96
0.552798 94
0.030664 97
0.003148 96
0.025026 95
0.010499 92
0.010344 105
0.040931 98
0.148176 94
0.031905 95
0.006750 92
0.007726 105
0.010673 98
0.120480 32
0.010430 39
0.016211 32
0.392165 30
0.080429 44
0.003376 52
0.003183 33
0.115329 42
1.723698 24
8.915961 31
0.109087 44
0.003113 34
0.002936 53
0.065282 32
0.012374 40
0.017142 36
0.020743 38
0.025772 49
0.384165 42
0.027969 39
0.027304 35
0.488723 36
0.006384 32
0.090614 34
0.039436 36
0.071144 32
0.119016 60
0.288214 65
0.024991 43
0.856752 47
0.026367 27
0.244024 32
0.003818 25
0.161181 30
0.004507 56
0.015461 46
0.004850 47
0.008995 29
6.688228 34
5.752760 89
0.097558 21
0.000291 19
38.885948 39
1.077570 1
0.066286 1
0.294312 1
0.233245 1
0.138241 1
0.090778 1
0.200218 2
0.210899 83
0.001640 28
0.000471 25
32.483387 11
0.604097 9
0.569097 5
0.188973 2
2.543717 53
0.066962 20
0.000481 27
1.062553 1
0.086891 1
0.505182 1
0.126607 1
0.160275 1
0.390954 2
0.008465 394
8.070940 1
0.112604 1
0.806015 1
0.192007 1
0.099990 1
1.048724 1
0.186260 1
0.872955 4
0.416387 4
0.033463 4
0.036864 4
0.033269 4
0.030794 4
0.032550 4
0.034152 1
0.033030 1
0.032685 1
0.033448 1
0.035524 1
0.034552 1
0.417052 1
0.145482 1
0.379268 1
0.152037 1
0.173180 1
0.207325 1
0.216071 1
0.549818 2
0.093086 41
1.132249 1
0.061079 1
0.258384 1
0.156574 1
0.078620 1
0.735509 1
0.131089 1
0.593421 1
0.069222 1
0.065595 1
0.181597 1
0.146605 1
0.396356 1
0.157285 1
0.067864 1
0.637509 2
0.009002 189
1.509231 1
0.484326 2
0.001817 347
3.265127 1
0.094076 1
0.370621 1
0.163327 1
2.480398 2
0.004105 85
0.811864 1
0.191771 2
0.000559 278
10.265015 1
0.169407 1
0.862290 1
0.096799 1
0.238346 1
0.170922 1
0.256331 1
1.045147 1
3.555803 1
0.819199 1
0.288587 1
0.072085 1
0.317284 1
0.157954 1
1.244791 1
1.474124 1
0.398297 1
0.077256 1
0.849102 1
0.206640 1
0.143339 1
2.437381 1
5.705194 4
0.923262 89
1.598751 1
1.680594 1
0.084815 1
0.127416 1
0.128560 1
0.296868 1
0.949146 1
0.134158 1
0.446551 124
12.125384 1
0.325776 1
0.346875 87
1.651430 2
0.382455 10
0.456856 12
0.410141 5
0.599512 8
0.597859 5
0.785836 4
0.423121 4
0.025084 4
0.035811 4
0.032960 1
0.034208 1
0.032724 1
0.033501 1
0.036817 1
1.146872 1
0.233788 1
0.401716 4
0.179244 4
0.133258 1
3.550012 1
0.177908 1
0.604093 1
0.099941 1
0.185459 1
0.163618 1
0.166275 1
0.953959 1
0.443670 1
0.124283 1
0.301503 1
0.098922 1
0.252453 1
0.266903 1
0.155327 1
1.410681 1
0.309862 1
0.072183 1
1.578711 1
0.600622 1
0.201679 1
0.423023 1
1.321179 2
0.002075 85
1.479660 22
1.347098 4
0.140869 4
0.161543 4
0.519824 1
0.137610 1
0.699548 1
0.241349 1
0.150068 1
0.424880 1
1.069389 2
0.004919 85
0.848503 1
0.237050 2
0.004691 374
13.182509 1
0.155698 1
0.306851 1
0.726756 1
0.209757 1
0.043604 1
2.078459 4
0.194382 4
0.230452 4
0.137603 1
0.194647 1
0.270937 4
0.190365 4
0.699187 1
0.074638 1
0.202080 1
1.081799 1
0.218339 1
0.148443 1
0.070122 1
0.131725 1
0.395721 1
0.310400 1
0.329900 4095
0.000056 1708
3.527915 13
1.967997 1
0.413693 1
0.028521 1
0.035744 1
0.034296 1
0.158988 1
0.153727 1
0.171811 1
0.176454 1
0.246745 1
0.779796 5
0.174093 5
0.211477 2
0.000995 85
1.136503 1
0.221880 2
0.003458 388
2.900583 1
1.387326 162
1.723039 1
0.166932 1
0.643103 1
0.062325 1
0.873450 1
0.261332 1
0.248354 1
0.082854 1
3.180880 1
0.299793 1
0.033875 1
0.738734 4
0.162383 4
0.250770 1
0.045065 1
0.045753 1
0.660268 1
0.155140 1
0.466872 1
0.178301 1
0.060779 1
0.537730 1
0.528624 1
0.416816 1
0.026338 1
0.034829 1
0.032579 1
0.033493 1
0.032671 1
0.039550 1
0.186562 1
0.826061 19
0.688050 23
0.394347 2
0.010042 152
1.209344 18
0.178976 1
0.298967 1
0.414197 1
0.031033 1
0.033911 1
0.033135 1
0.151324 1
0.147420 1
0.161107 1
0.976719 19
0.240289 19
0.181771 19
0.235044 2
0.002544 623
0.015419 33
0.838785 21
0.943802 4
0.055639 1
0.519816 2
0.002835 628
0.042577 33
7.773212 1
0.078892 1
0.277544 1
0.425395 1
0.079756 1
0.154804 1
0.946348 1
0.111024 1
0.062586 1
0.185957 1
0.175245 1
0.602564 1
0.188994 1
0.079843 1
1.028118 1
0.151181 1
0.180552 1
0.578785 1
0.141277 1
0.231384 1
0.784473 2
0.019702 33
4.162638 1
0.099741 1
1.119268 1
3.114560 1
0.281134 1
0.660480 1
0.323936 1
0.232479 1
1.647368 1
0.150647 1
0.146482 1
0.829231 1
0.876826 1
0.246783 1
0.808727 1
0.513923 1
0.133325 1
0.134010 1
3.161451 2
0.230130 33
1.103813 1
0.056123 1
0.271631 1
0.412138 1
0.300187 1
0.164635 1
0.076708 1
0.544560 40
0.612986 1
0.121742 1
0.216725 2
0.011763 615
26.584513 82
2.014768 1
0.417029 1
0.033057 1
0.033190 1
0.033915 1
0.033316 1
0.033747 1
0.034219 1
0.034936 1
0.034349 1
0.032556 1
0.035399 1
0.032931 1
0.034910 1
0.033609 1
0.032711 1
0.033371 1
0.032587 1
0.034076 1
0.034487 1
0.030717 1
0.035085 1
0.033143 1
0.033587 1
0.033318 1
0.033237 1
0.187982 1
0.419453 1
0.029378 1
0.034571 1
0.033261 1
0.035059 1
0.034408 1
0.032401 1
0.034067 1
0.033715 1
0.033923 1
0.032719 1
0.033222 1
0.033339 1
0.033618 1
0.034045 1
0.032275 1
0.033324 1
0.033292 1
0.033703 1
0.033270 1
0.033652 1
0.037084 1
0.029123 1
0.032947 1
0.033577 1
0.033352 1
0.033219 1
0.035072 1
0.032569 1
0.032147 1
0.230446 1
0.392649 5
0.193809 5
0.210544 5
0.264854 5
0.577479 5
0.212304 5
0.071092 5
0.314972 5
1.896025 3
0.417253 3
0.025871 3
0.036262 3
0.031561 3
0.033738 3
0.033572 3
0.035332 3
0.030533 3
0.034926 3
0.032148 3
0.033946 3
0.032643 3
0.034776 3
0.032863 3
0.034751 3
0.033765 3
0.032702 3
0.030459 3
0.034748 3
0.033760 3
0.032279 3
0.034307 3
0.032516 3
0.032195 3
0.035411 3
0.033661 3
0.175540 3
0.181208 3
0.154286 3
0.405871 5
0.167800 5
0.169060 5
0.170030 5
0.679973 5
0.414326 5
0.071412 5
0.486520 3
0.419244 3
0.029434 3
0.032534 3
0.032828 3
0.033164 3
0.032481 3
0.035278 3
0.032602 3
0.830575 1
0.416925 1
0.029896 1
0.028593 1
0.034267 1
0.034093 1
0.034802 1
0.033275 1
0.032937 1
0.033224 1
0.166328 1
0.149589 1
0.215752 1
0.273999 5
0.154132 5
0.196805 5
0.698138 5
0.262061 5
0.252973 5
0.586852 5
0.383167 5
0.566137 5
4.609058 2
0.042253 38
4.287848 1
0.026068 1
1.283791 1
0.184298 1
0.277812 1
0.262064 1
0.128567 1
0.122210 1
0.775967 42
12.611017 1
0.581618 1
0.702046 1
0.597115 4
0.128191 4
0.141682 4
0.139854 1
0.327474 1
0.137219 1
0.249493 2
0.002902 617
3.258789 1
0.730329 1
0.363491 1
0.193113 1
0.438345 1
0.187762 1
0.171318 1
1.139578 1
0.127239 1
3.601377 2
0.001633 113
6.021700 9
1.678302 1
0.353853 2
0.009740 40
1.059720 1
0.128754 1
0.250715 2
0.002167 49
3.191216 1
0.068357 1
0.785129 1
0.139853 1
1.007674 35
4.961930 1
0.065609 1
0.292515 1
0.219974 1
0.136178 1
0.189783 1
1.357532 4
0.130090 4
0.133203 4
0.138493 4
0.135437 4
0.130998 4
0.129503 1
3.516068 1
0.441853 1
0.183320 1
0.288673 1
0.232161 1
0.122922 1
0.127410 1
0.549190 1
0.379976 1
0.145442 1
0.123130 1
0.213628 2
0.015119 33
1.544089 1
0.084447 1
0.288167 1
0.191807 1
0.114065 1
0.196154 1
0.488123 1
0.100540 1
0.049272 1
0.220932 1
0.166035 1
0.785386 1
0.469994 4
0.084767 1
0.111885 1
0.462527 1
0.782316 4
0.712206 1
0.677157 1
0.583591 1
0.823238 1
0.444911 1
0.344764 1
0.198635 1
1.333969 4
0.119699 4
0.450700 4
0.219702 1
0.209217 1
0.140395 1
0.117856 1
0.425616 2
0.034988 33
1.047835 1
0.071392 1
0.125688 1
0.255202 1
0.939933 1
0.103585 1
0.324867 2
0.005438 573
4.481672 1
0.053887 1
0.290440 1
0.115484 1
0.590407 1
0.821802 1
0.655999 1
0.258303 1
0.264687 1
0.757956 1
0.362734 1
0.392719 1
0.169162 1
0.452137 1
0.959015 2
0.003324 564
37.031865 22
1.601121 2
0.031019 34
0.419588 76
8.401619 38
0.903986 2
0.204323 40
0.097579 57
0.020242 64
1.281827 39
31.448542 116
1.369813 2
0.113241 96
0.546981 94
0.030354 97
0.002711 96
0.021134 95
0.010046 92
0.009841 105
0.040103 98
0.138937 94
0.027426 95
0.006706 92
0.007553 105
0.010324 98
0.104194 32
0.010758 39
0.015025 32
0.439583 30
0.099795 44
0.003228 52
0.003005 33
0.115276 42
1.698719 24
8.786079 31
0.092658 44
0.002946 34
0.003036 53
0.049946 32
0.012362 40
0.016745 36
0.018083 38
0.020050 49
0.324944 42
0.031264 39
0.026328 35
0.385901 36
0.006054 32
0.108274 34
0.037849 36
0.064493 32
0.121351 60
0.275226 65
0.023746 43
0.849592 47
0.023840 27
0.248354 32
0.004547 25
0.210859 30
0.003918 56
0.013061 46
0.003663 47
0.006589 29
6.659192 34
5.222256 89
0.076209 40
10.101720 115
0.195594 232
1.079942 97
1.550892 76
2.370345 2
0.009836 571
2.505819 14
1.895524 4
0.416450 4
0.030179 4
0.036956 4
0.034325 4
0.035677 4
0.034007 4
0.032803 4
0.219489 4
1.120444 1
0.221462 1
0.130509 1
0.093328 1
0.763024 1
1.953573 1
0.113280 1
0.253681 4
1.232198 1
0.368307 1
0.260452 1
0.068116 2
0.710715 1
0.377747 1
0.227834 1
0.281578 1
0.145031 2
0.002167 3734
16.405049 1
0.126912 1
0.670846 1
0.234326 1
0.132447 1
0.112097 1
0.233022 2
0.166223 83
0.001591 28
0.000179 25
34.102502 11
0.859025 2
20.998184 51
0.000230 2
0.071608 20
0.000929 8
0.000205 19
5.853221 2
0.001048 20
0.003460 19
0.975799 1
0.392335 1
0.448341 1
0.099011 1
0.152044 1
0.284476 2
0.011901 53
0.000361 41
0.000061 2
0.000295 50
0.000099 2
0.000158 45
0.000141 2
0.000187 41
0.000121 2
0.000195 46
0.000146 2
0.000178 41
0.000181 2
0.000180 41
0.000209 2
0.000083 41
0.000193 2
0.000845 39
30.236945 1
0.064961 1
1.282009 1
0.270326 1
0.047320 1
0.782156 4
2.212139 1
0.307074 1
0.022885 1
0.417019 1
0.117193 1
0.982376 1
0.249247 1
0.050326 1
0.298319 1
0.930479 2
0.007308 2
0.000075 70
0.000206 2
0.000462 2
0.000212 57
0.000076 2
0.000207 2
0.000196 71
0.000169 2
0.006080 2
0.000077 59
0.000224 2
0.000345 2
0.000011 30
0.000222 2
0.001734 39
2.771976 1
0.192076 1
0.413569 1
0.152665 1
0.158517 1
0.354735 1
0.259151 1
0.324309 2
0.097331 17
0.000447 8
0.000269 16
1.277711 1
0.391821 1
0.894118 1
0.380210 1
0.043691 1
1.222150 1
0.257304 1
1.125623 4
0.136778 4
0.190469 1
0.699837 1
0.121338 1
0.174247 1
0.208510 1
0.092353 1
0.072760 1
0.207604 1
0.158314 1
0.452262 1
0.179523 1
0.047607 1
0.268531 1
0.538709 2
0.031458 74
4.157925 1
0.360116 40
0.006525 53
0.005335 33
3.594273 1
0.247516 1
0.217056 1
0.043240 1
1.114788 1
0.278731 1
0.273118 1
0.076900 1
0.213154 1
17.389976 10
1.828395 71
3.580837 19
0.143742 1
0.420839 1
0.027781 1
0.034424 1
0.034624 1
0.033777 1
0.031894 1
0.034540 1
0.033270 1
0.033093 1
0.672056 1
0.621410 1
0.189521 1
0.925595 1
0.164395 1
0.169154 1
0.312025 1
0.824889 5
0.145104 3
0.264845 3
0.163866 3
0.285930 3
0.811309 5
0.305301 3
0.415931 3
0.028220 3
0.032985 3
0.032309 3
0.034921 3
0.033293 3
0.032366 3
0.033429 3
0.033399 3
0.032488 3
0.174852 3
0.148812 3
0.373271 1
0.665136 1
0.180281 1
0.582282 1
0.055222 1
0.258071 1
0.799580 1
0.074855 1
0.121394 1
0.722517 4
0.599801 1
0.112067 1
0.697921 1
0.550430 4
0.051674 1
0.881135 2
0.027001 2
0.000116 76
0.000199 2
0.003502 33
31.146181 1
0.726069 1
0.434131 1
0.090329 1
0.141260 1
0.265505 2
0.004697 51
0.000129 2
0.000179 41
0.000157 2
0.000195 50
0.000139 2
0.000169 45
0.000130 2
0.000176 41
0.000145 2
0.000138 46
0.000122 2
0.000205 41
0.000151 2
0.000110 41
0.000193 2
0.000143 41
0.000155 2
0.001531 33
32.205632 1
0.206455 1
0.358680 1
0.229685 1
0.052787 1
0.357905 1
0.607082 1
0.054314 1
0.198011 1
0.647601 1
1.128316 4
1.537032 1
0.388317 1
0.196905 1
0.407908 1
0.273812 1
0.162783 1
0.225826 1
0.355257 1
0.451802 1
0.134396 1
0.182953 1
1.572523 1
0.162853 1
0.064361 1
0.252356 1
0.136355 1
0.381195 1
0.375998 1
0.096289 1
0.608444 1
0.208061 2
0.022923 2
0.000091 76
0.000184 2
0.004028 33
78.943676 1
0.098880 1
0.863397 1
0.307038 1
0.365018 1
0.231642 1
0.173351 1
0.091535 1
0.208561 1
0.324122 2
0.015953 25
0.000036 2
0.000246 32
0.000075 2
0.000207 30
0.000123 2
0.000210 55
0.000191 2
0.000175 38
0.000133 2
0.000174 32
0.000121 2
0.000175 28
0.000199 2
0.000162 25
0.000168 2
0.000144 28
0.000186 2
0.000165 62
0.000204 2
0.000170 3
0.000140 2
0.001485 54
0.000112 2
0.000209 29
0.000154 2
0.000155 33
0.000127 2
0.000137 24
0.000130 2
0.000196 34
0.000151 2
0.000178 26
0.000173 2
0.000184 28
0.000164 2
0.000202 25
0.000134 2
0.000174 25
0.000164 2
0.000149 25
0.000165 2
0.000259 62
0.000156 2
0.000146 3
0.000121 2
0.006306 33
41.120292 1
1.161346 1
0.127044 1
0.747875 2
0.008026 8
0.000129 5
3.926499 1
0.168032 1
0.180107 1
0.452647 2
0.009648 86
0.000081 2
0.000317 86
0.000078 2
0.003031 5
4.592689 1
0.575325 2
0.000387 2
0.000077 33
0.000149 2
0.000258 5
2.566295 37
222.569536 10
0.696619 1
0.287358 1
0.097295 1
0.049091 1
0.247958 1
0.127151 1
0.628725 1
0.210151 1
0.224836 1
0.474281 1
0.213185 2
0.009417 29
0.001085 14
0.000140 31
0.000142 2
0.000911 51
0.000120 2
0.003394 8
0.000269 32
0.000216 30
0.000088 2
0.000259 2
0.000113 4
0.000159 5
0.000163 5
0.000180 54
0.000140 2
0.000198 10
0.000150 10
0.000140 6
0.000153 40
0.000120 2
0.000122 10
0.000152 51
0.000154 5
0.000159 5
0.000131 2
0.000148 63
0.000126 5
0.000126 5
0.000123 1
0.000134 2
0.000124 14
0.000118 4
0.000127 2
0.000123 6
0.000124 1
0.000112 2
0.000153 2
0.000641 33
25.661256 1
0.096555 1
2.071297 1
0.175716 1
0.135627 1
1.656089 4
1.583748 1
0.203481 1
0.176533 1
0.062252 1
0.239840 1
0.405290 2
0.018781 27
0.000166 32
0.000068 2
0.000214 30
0.000116 2
0.000216 55
0.000198 2
0.000148 38
0.000120 2
0.000175 32
0.000164 2
0.000167 28
0.000230 2
0.000145 25
0.000165 2
0.000164 28
0.000161 2
0.000165 62
0.000190 2
0.000171 3
0.000152 2
0.001302 54
0.000181 2
0.000205 29
0.000154 2
0.000155 33
0.000151 2
0.000152 24
0.000142 2
0.000208 34
0.000183 2
0.000166 26
0.000166 2
0.000138 28
0.000149 2
0.000182 25
0.000184 2
0.000151 25
0.000163 2
0.000170 25
0.000098 2
0.000201 62
0.000181 2
0.000136 3
0.000142 2
0.004152 33
81.591409 8
0.732129 1
0.236023 1
1.621462 1
0.441438 1
0.140568 1
0.057315 1
0.186500 1
0.475106 4
0.149648 4
0.164185 4
0.608579 1
0.301671 1
0.040001 1
0.294588 2
0.021244 52
0.000097 2
0.000185 2
0.000249 31
0.000136 2
0.000184 10
0.000108 2
0.000185 1
0.000132 23
0.000136 2
0.000178 1
0.000127 12
0.000150 2
0.000166 1
0.000164 11
0.000174 2
0.000173 1
0.000162 18
0.000145 2
0.000150 1
0.000175 18
0.000134 2
0.000168 1
0.000149 27
0.000151 2
0.000141 2
0.000136 1
0.000119 18
0.000154 2
0.000235 2
0.000121 37
0.000099 2
0.000131 10
0.000160 3
0.000199 26
0.000168 14
0.000149 73
0.000131 17
0.000157 25
0.000124 22
0.000127 29
0.000157 3
0.000143 26
0.000145 17
0.000243 181
0.000183 61
0.000205 56
0.000169 26
0.000145 20
0.000175 42
0.000153 63
0.000603 2
0.001082 33
23.396062 13
0.507734 1
0.670978 1
0.078581 1
0.053126 1
0.249414 1
0.233362 1
0.514320 1
0.253136 1
0.066480 1
0.475528 1
0.519139 2
0.017555 2
0.000105 63
0.000328 2
0.000075 2
0.000200 37
0.000185 2
0.000237 60
0.000238 2
0.004623 33
36.070519 1
0.103924 1
1.066532 1
0.043809 1
1.623380 1
0.093219 1
0.643800 1
0.086876 1
0.538068 4
0.292054 2
1.344753 1
0.101190 1
0.064267 1
0.460036 1
0.174228 1
0.484682 1
0.236349 1
0.092345 1
0.353403 1
0.623717 2
0.017504 61
0.005460 33
4.475101 18
0.861361 1
0.420321 1
0.021576 1
0.036855 1
0.036260 1
0.030427 1
0.033834 1
0.034729 1
0.376800 1
0.164238 1
0.323000 25
0.188473 25
0.165446 25
0.169321 25
0.169280 25
0.191013 25
0.420467 21
0.252823 21
0.064011 21
0.654040 21
0.229501 21
0.086542 21
0.292696 2
0.034670 53
0.005039 33
3.331670 1
0.173963 1
0.585631 1
0.221834 1
0.060853 1
0.372225 1
0.174203 1
0.110321 1
0.172317 1
15.771057 1
0.197704 1
0.446315 1
0.274612 1
0.142990 1
0.199542 1
1.166214 1
0.146889 1
0.731177 1
0.204788 1
0.160909 1
0.182396 1
0.303438 1
0.243159 1
0.362441 1
0.272000 1
0.125469 1
0.332889 1
0.378031 2
0.024916 76
0.000167 2
0.003777 33
117.156864 8
0.007296 20
0.000776 19
0.405377 8
0.001619 34
0.001430 28
0.000370 25
1.345011 6
